Voltage_measured,Current_measured,Temperature_measured,Current_load,Voltage_load,Time
4.188858082816243,-0.0037407090790603,5.128013636342155,0.0004,0.0,0.0
4.188540808514334,-0.0016245446887833,5.162393302657202,0.0004,4.204,9.329
3.959694977454494,-1.0046127647518164,5.197794535304116,0.998,3.482,23.5
3.931305690894453,-1.004949777216215,5.257562917660564,0.998,3.445,36.922
3.909777719399243,-1.0059622408719704,5.331331698598466,0.998,3.42,50.407
3.891610949750995,-1.003786586778099,5.43056671910582,0.998,3.397,63.75
3.875636881770509,-1.0047984959566,5.511388905288362,0.998,3.381,77.188
3.861085880150489,-1.0039690649134134,5.586164055215305,0.998,3.367,90.625
3.847605049727085,-1.0059472123443804,5.663891229787452,0.998,3.355,104.063
3.8349297100620574,-1.0061178026937196,5.741592180459723,0.998,3.342,117.454
3.8227792428172274,-1.005373164112465,5.853547117214493,0.998,3.33,130.844
3.811486165040964,-1.006350082938536,5.94388612881426,0.998,3.318,144.25
3.8004502467776815,-1.0057794690473996,6.027997221692313,0.998,3.309,157.579
3.789990875723793,-1.0063314534163172,6.106278908140511,0.998,3.3,170.907
3.779925449894824,-1.0062300617958646,6.193738560058854,0.998,3.29,184.344
3.770023048374502,-1.0069929307573384,6.283607511546849,0.998,3.28,197.688
3.7609681764352936,-1.004608660063994,6.382665089356574,0.998,3.271,211.11
3.752206013564757,-1.0064046521575094,6.454044462140423,0.998,3.263,224.391
3.743559907536575,-1.0054249711355907,6.547197426832995,0.998,3.254,237.766
3.735266889855013,-1.0078672317296988,6.646401116384618,0.998,3.247,251.172
3.727287293946008,-1.005703157634692,6.7368039281021845,0.998,3.238,264.547
3.719785982500225,-1.005541081183743,6.80799651761058,0.998,3.231,277.954
3.712069494723764,-1.0057485969835491,6.886665463482854,0.998,3.224,291.282
3.704555739379777,-1.0061882073999855,6.9824189298376025,0.998,3.217,304.625
3.697237292724236,-1.0048596380569366,7.049217784725478,0.998,3.21,318.032
3.689951276682912,-1.0066541372122069,7.144269453522137,0.998,3.203,331.422
3.682799165278373,-1.006880032357112,7.251315946773099,0.998,3.196,344.829
3.6755218519154926,-1.0044319119761975,7.331145161855063,0.998,3.189,358.157
3.668866358330981,-1.005754221120951,7.41779096759632,0.998,3.182,371.5
3.662068458364124,-1.0076283303366604,7.494740645844063,0.998,3.175,384.797
3.6551193793884496,-1.0058276007866882,7.564779629279954,0.998,3.169,398.141
3.6485585221251418,-1.0058178365881978,7.63643046232966,0.998,3.162,411.563
3.642519710938229,-1.0047143243429584,7.709645743196734,0.998,3.156,424.938
3.636337006381041,-1.0046098969105544,7.77131488290603,0.998,3.15,438.36
3.630377645882642,-1.0058200473134384,7.839310839950762,0.998,3.144,451.766
3.6247424195132263,-1.005981397922989,7.893289531107598,0.998,3.139,465.125
3.6192839959026655,-1.005479173178352,7.960995020492724,0.998,3.134,478.485
3.6138839594034273,-1.0071584600017431,8.021155212566429,0.998,3.128,491.86
3.6088388902639945,-1.004388907055224,8.078727011829887,0.998,3.124,505.204
3.603850198314727,-1.0062449013234145,8.132850530254794,0.998,3.119,518.61
3.5993055693975444,-1.0053787024836809,8.166021988660242,0.998,3.114,531.985
3.594964948597901,-1.0056531275696226,8.223079686050543,0.998,3.11,545.344
3.590387149232832,-1.0047074376655831,8.24922622664386,0.998,3.105,558.719
3.586310932938356,-1.0063403586030215,8.300565927756333,0.998,3.102,572.079
3.5823867404387477,-1.0054026273614556,8.345754351600483,0.998,3.098,585.454
3.5782645470915377,-1.0052360251810282,8.38629099119087,0.998,3.094,598.86
3.574274115091685,-1.0059757851820843,8.430433204745777,0.998,3.09,612.266
3.5708200267030032,-1.0060999592564843,8.471119054888417,0.998,3.086,625.641
3.567109795750159,-1.006136751951484,8.511103275489326,0.998,3.083,638.969
3.563415373670045,-1.0068674290973425,8.535722686274763,0.998,3.079,652.344
3.559969288579901,-1.006122299764547,8.569551279807877,0.998,3.076,665.735
3.5564061958097914,-1.0073004248078807,8.605658879543528,0.998,3.072,679.141
3.5528873453548826,-1.004178136831529,8.639215697118827,0.998,3.069,692.516
3.5496205087239416,-1.0068360618784378,8.671008296212202,0.998,3.066,705.907
3.545998187842694,-1.006651382660351,8.692148398363031,0.998,3.062,719.313
3.5428980202455183,-1.006225309749697,8.733039528655656,0.998,3.06,732.625
3.5394332722936723,-1.0055493709614995,8.7693031454173,0.998,3.056,745.985
3.5361604673658893,-1.0053270407551853,8.807379104150966,0.998,3.054,759.313
3.5328767320152568,-1.0049494747758123,8.847216623124053,0.998,3.05,772.688
3.529730415031927,-1.0062607183880603,8.85748539470302,0.998,3.047,786.047
3.5265490770711776,-1.0071639390599036,8.869063897801297,0.998,3.044,799.469
3.5233553002177,-1.007554073022367,8.930988398944534,0.998,3.041,812.844
3.520192871675954,-1.0074271987957364,8.937939357043017,0.998,3.038,826.235
3.51696287880092,-1.0085683432869927,8.981773053399483,0.998,3.035,839.563
3.513931645659228,-1.0055500791614838,9.020289869112997,0.998,3.032,852.938
3.51103795912257,-1.0044666904896544,9.067036939006346,0.998,3.029,866.344
3.5076691889129044,-1.0076609408075108,9.077521998851324,0.998,3.026,879.672
3.5049061835200552,-1.0065557150765432,9.123509527561804,0.998,3.023,893.032
3.5018532576343144,-1.0056289394019424,9.15473777013825,0.998,3.02,906.375
3.4984897303975058,-1.0059637127420775,9.161599165204366,0.998,3.018,919.797
3.4958129571821632,-1.0054746936261632,9.20878422366221,0.998,3.014,933.172
3.4928379277188286,-1.0062652777905323,9.239090232497633,0.998,3.012,946.594
3.4898562011876093,-1.0067353824869834,9.261716734014575,0.998,3.009,959.922
3.486771600167355,-1.0063661917800326,9.296688198184212,0.998,3.006,973.235
3.4837175977716,-1.004476457483635,9.32650864766322,0.998,3.003,986.641
3.480899587858576,-1.0030409768497766,9.37879693204926,0.998,3.0,999.938
3.4781427802907667,-1.0044118587552833,9.415409216162208,0.998,2.998,1013.313
3.4750342151015343,-1.0072618909592788,9.426979321763056,0.998,2.995,1026.735
3.472283155556749,-1.0059772119021728,9.439102616554925,0.998,2.992,1040.094
3.4691940717247043,-1.004851455446146,9.370091337392376,0.998,2.989,1053.5
3.4662876840329795,-1.002450048873594,9.13787940478952,0.998,2.987,1066.907
3.462552948064168,-1.00594376791749,8.97518621440709,0.998,2.983,1080.297
3.458707792404456,-1.0047045947801192,8.857029603702445,0.998,2.979,1093.625
3.45499182061223,-1.0054572721827282,8.671039362954703,0.998,2.975,1106.954
3.4509806148643483,-1.0052717404599374,8.625551805963202,0.998,2.971,1120.344
3.446540232979841,-1.005859223016495,8.484612317598806,0.998,2.967,1133.61
3.442339904914792,-1.0058404228429585,8.30503622315424,0.998,2.963,1146.954
3.4379379626307927,-1.0077252668722785,8.277835463136995,0.998,2.958,1160.266
3.433029288701858,-1.0042848171970775,8.18404770548666,0.998,2.953,1173.61
3.4283317108258786,-1.0063663614206422,8.082363830268577,0.998,2.949,1186.969
3.423414601655269,-1.0051570959664804,7.97502234386951,0.998,2.944,1200.344
3.418563618313794,-1.0069774820689246,7.845083022390259,0.998,2.939,1213.719
3.4138601765557066,-1.0057139489735196,7.869336151888365,0.998,2.934,1227.079
3.409127759846571,-1.006006436459295,8.019987156998678,0.998,2.929,1240.469
3.4042131248325576,-1.0050995736869537,8.115276221349475,0.998,2.925,1253.875
3.4002322513217718,-1.0058481415681677,8.145012602458761,0.998,2.921,1267.25
3.396232848873749,-1.0061279683280238,8.20393235934739,0.998,2.917,1280.579
3.392311896782075,-1.00469310463164,8.257477578389077,0.998,2.913,1293.938
3.3884392192121497,-1.0063652411179689,8.33670186490076,0.998,2.909,1307.282
3.3846652966182327,-1.0063394360469389,8.336715670853867,0.998,2.905,1320.641
3.3810954169724563,-1.0051325314369752,8.41172791557694,0.998,2.901,1334.0
3.3776923165379187,-1.0067501303994657,8.447263965676921,0.998,2.898,1347.391
3.373958402773933,-1.0044467970160502,8.469100030480064,0.998,2.894,1360.813
3.3706954112661744,-1.0077585057507108,8.509238537462313,0.998,2.891,1374.204
3.3673905622215936,-1.004427119152435,8.535205425496773,0.998,2.887,1387.563
3.363929837364555,-1.0066227654980515,8.569330523811303,0.998,2.885,1400.954
3.360818426665511,-1.0067212094358298,8.613074758318604,0.998,2.881,1414.329
3.3576726448297043,-1.0058896213617328,8.628319810008039,0.998,2.878,1427.657
3.35471016032207,-1.005543507556809,8.67655687513029,0.998,2.875,1441.094
3.3517282456994004,-1.0051489572072754,8.712025261788993,0.998,2.872,1454.422
3.3486279196309776,-1.0067794442246614,8.763615829270107,0.998,2.869,1467.813
3.34570908158694,-1.0064404053401723,8.784427692863249,0.998,2.866,1481.141
3.3427635584170403,-1.0057648346531165,8.827414561267684,0.998,2.863,1494.563
3.339835295307127,-1.003142668384408,8.893455009617844,0.998,2.86,1507.938
3.337011397217553,-1.0047308127097554,8.954335959713587,0.998,2.857,1521.313
3.334420404213238,-1.00590561598567,8.964187498803353,0.998,2.854,1534.688
3.3313753873096306,-1.0051849838037263,9.018381246025005,0.998,2.851,1548.063
3.328591309965842,-1.0047833440192926,9.06826356766094,0.998,2.849,1561.438
3.3259590484513355,-1.0051327919146764,9.07595720296004,0.998,2.846,1574.797
3.3234467466673294,-1.007034576106579,9.148983703983545,0.998,2.843,1588.204
3.320663137602911,-1.0045433548838905,9.181446033292511,0.998,2.84,1601.579
3.3176907611591666,-1.0060754950982098,9.21046295310284,0.998,2.838,1614.891
3.3151113925643423,-1.0059607218775437,9.248626180233511,0.998,2.835,1628.25
3.3123904040264707,-1.0049755198468948,9.309535306547795,0.998,2.832,1641.563
3.3097082942857803,-1.0063814667575666,9.364699103000731,0.998,2.829,1654.907
3.306925288129731,-1.0065229466289698,9.408368233329735,0.998,2.827,1668.329
3.3042519663113272,-1.0061563029012583,9.477252549289846,0.998,2.825,1681.719
3.3016102569012222,-1.0069109570544437,9.538206468838393,0.998,2.821,1695.11
3.2989853191509426,-1.0056130547918674,9.573937149621822,0.998,2.819,1708.547
3.296762475816521,-1.007444131226861,9.60120635405863,0.998,2.817,1721.86
3.2934696267179158,-1.00602139722935,9.621098658241984,0.998,2.814,1735.188
3.2910671226674517,-1.0058692825527429,9.688722718592164,0.998,2.811,1748.594
3.2881348003327333,-1.0064113273828943,9.749267697081503,0.998,2.809,1761.985
3.2855812409917378,-1.007014832772974,9.770482329014998,0.998,2.806,1775.375
3.282781165085203,-1.0068991377274927,9.854150055228578,0.998,2.803,1788.797
3.2800855039151724,-1.006240708263289,9.871197159651206,0.998,2.801,1802.141
3.277342210432485,-1.007484404161596,9.926797518341395,0.998,2.798,1815.469
3.2745532604189846,-1.0069197703673984,9.940169644210847,0.998,2.795,1828.829
3.271658088121649,-1.0066985623606075,9.99733262206442,0.998,2.792,1842.25
3.269115087656984,-1.0057668832758078,10.040759860520982,0.998,2.79,1855.657
3.26611595660305,-1.00416533435523,10.084771533251727,0.998,2.787,1869.047
3.263083522713789,-1.0088447706775023,10.167424463304627,0.998,2.784,1882.407
3.260146270961811,-1.004078107396876,10.165713584433242,0.998,2.781,1895.735
3.257397283439175,-1.0048472067182934,10.219272718923248,0.998,2.778,1909.079
3.254250377154716,-1.0047146457901706,10.242074292783174,0.998,2.775,1922.485
3.251213696027697,-1.0070248151625294,10.30428897843424,0.998,2.772,1935.829
3.2480943159213496,-1.007290016968735,10.33123117658751,0.998,2.769,1949.219
3.2451790938103438,-1.0045597128612282,10.35686593496256,0.998,2.766,1962.61
3.2416873500283665,-1.0054992494837194,10.421183684041116,0.998,2.763,1975.922
3.2386284342033824,-1.0066244479081443,10.462105383814604,0.998,2.759,1989.266
3.2352383614223728,-1.0057289859340524,10.477482769311145,0.998,2.756,2002.641
3.231866927998793,-1.0060954888703348,10.513447074237178,0.998,2.753,2016.047
3.228624426516113,-1.0058191210637193,10.601365453724258,0.998,2.749,2029.422
3.2249410890146493,-1.005101581336367,10.636178873717524,0.998,2.746,2042.829
3.2216169184442105,-1.0047601863877094,10.683377097852718,0.998,2.743,2056.204
3.217897224499754,-1.0037481959694643,10.728039442941188,0.998,2.739,2069.563
3.214431962927603,-1.007308800133274,10.76296934739319,0.998,2.735,2082.875
3.210741950182148,-1.006551869227105,10.775922356763108,0.998,2.731,2096.282
3.2071373269553822,-1.005009297042009,10.798159842961418,0.9978,2.728,2109.704
3.203323709248631,-1.0065611413774758,10.850971384306323,0.998,2.724,2123.079
3.1994015466935792,-1.0058192351484652,10.908026277188355,0.998,2.721,2136.422
3.1953669975641628,-1.005595285629393,10.933045410159336,0.998,2.717,2149.797
3.1912425953074157,-1.003919470792298,10.996626635479204,0.998,2.713,2163.157
3.187440890510753,-1.0051711323521124,11.053765883806827,0.998,2.709,2176.594
3.183193701066357,-1.006188615122543,11.062170422609675,0.998,2.705,2189.907
3.178961591247887,-1.0052052709217816,11.131042176510888,0.998,2.701,2203.25
3.1746697004006634,-1.005678229224826,11.13923801618885,0.998,2.696,2216.61
3.170545902792619,-1.0069128554620814,11.216407043159514,0.998,2.692,2230.032
3.166196513831104,-1.0046968631059356,11.279855979174709,0.998,2.687,2243.422
3.161585106938221,-1.0047683715333304,11.326807862059848,0.998,2.683,2256.797
3.156869357706377,-1.0056830421255372,11.352711538452606,0.998,2.679,2270.094
3.15239984088365,-1.0068884645681973,11.371629667599365,0.998,2.674,2283.454
3.147249215994228,-1.0061252947069097,11.45518437188109,0.998,2.669,2296.875
3.142525450487434,-1.0045308310379546,11.5287467674817,0.998,2.665,2310.282
3.137660905782728,-1.005530597653519,11.582644624013689,0.998,2.66,2323.61
3.13255433908826,-1.00597317741461,11.618455418399993,0.998,2.655,2336.969
3.1273929956520146,-1.008292884177108,11.61866237115288,0.998,2.65,2350.329
3.12172846612943,-1.005814408987186,11.45179185378585,0.998,2.644,2363.719
3.115339693178929,-1.0054008885227783,11.22627124317718,0.998,2.638,2377.094
3.1083112373653465,-1.0070793771152884,11.15436428476475,0.998,2.632,2390.454
3.100734305695074,-1.0052877422213784,11.060042450290338,0.998,2.624,2403.797
3.092652379693391,-1.0063423835288614,10.91161054016268,0.998,2.616,2417.219
3.084063189094373,-1.0058943294008431,10.774946593988115,0.998,2.608,2430.594
3.074665867493108,-1.0072159163498884,10.69950358791726,0.998,2.599,2444.032
3.0652361183044623,-1.0051455972180114,10.581823728714612,0.998,2.59,2457.407
3.0550368289474896,-1.0079292426649007,10.494121631236233,0.998,2.58,2470.766
3.044418852778968,-1.0049748391440068,10.37862793408743,0.998,2.57,2484.094
3.0333736168861747,-1.0059437840049985,10.297451822418992,0.998,2.558,2497.469
3.021665986269252,-1.0040199178505704,10.251663488954618,0.998,2.547,2510.766
3.0096852368708933,-1.0073023006484672,10.265086765083185,0.998,2.535,2524.141
2.9975663613873884,-1.0069400071360757,10.122332013634765,0.998,2.523,2537.516
2.9849051721133124,-1.0066681182447896,10.097229926226362,0.998,2.51,2550.938
2.9719682920475208,-1.0075900105253144,10.217205522355606,0.998,2.498,2564.344
2.959498431771106,-1.0067275710869568,10.464392580931737,0.998,2.485,2577.75
2.9475919110659543,-1.0049794503213936,10.523832105489763,0.998,2.472,2591.125
2.9353935764085874,-1.0052831207380164,10.658464045855537,0.998,2.461,2604.469
2.923422261461341,-1.0058123312021705,10.739063020113656,0.998,2.448,2617.797
2.911468839740188,-1.0063073317551896,10.773161842918222,0.998,2.436,2631.188
2.899585482443378,-1.0042142418708628,10.813909743997831,0.998,2.424,2644.579
2.88744730931254,-1.0059829476704345,10.896282040877065,0.998,2.411,2657.969
2.875786309449917,-1.0047925558033963,10.99254669666716,0.998,2.4,2671.297
2.863718593935521,-1.0048920253891696,11.043564109577272,0.998,2.388,2684.657
2.8518630456691176,-1.005197633800962,11.11529218162384,0.998,2.376,2697.954
2.839527364349546,-1.0051579354167708,11.211576565521186,0.998,2.363,2711.344
2.82727112660296,-1.0052207755735494,11.318558602264602,0.998,2.352,2724.735
2.8153701868112635,-1.0055882066486983,11.416450405983564,0.998,2.34,2738.079
2.8032486505185608,-1.0056557461174254,11.506167627939435,0.998,2.327,2751.422
2.790972390833109,-1.0063921248868937,11.54712139697032,0.998,2.315,2764.782
2.778514071610307,-1.004500921173732,11.637496764030471,0.998,2.303,2778.079
2.766150271899187,-1.0074169585889072,11.744843993382784,0.998,2.291,2791.422
2.7536648495093865,-1.005048569380615,11.783653589585423,0.998,2.278,2804.797
2.740817988336945,-1.0068617675945413,11.894949966179734,0.998,2.265,2818.172
2.7276833918804164,-1.00494401114788,12.05674451076705,0.998,2.252,2831.579
2.715039847165929,-1.006366902686106,12.155007454978056,0.998,2.239,2844.938
2.701658377505131,-1.006216735979333,12.221881108652976,0.998,2.227,2858.282
2.6884595748190634,-1.0059466870176452,12.29638489753574,0.998,2.213,2871.688
2.6751647302998824,-1.005805523518371,12.405899960750835,0.998,2.2,2885.047
2.661349356052738,-1.0050882114237496,12.514388576337414,0.998,2.187,2898.454
2.647460321319659,-1.0043197809436422,12.5914359411604,0.998,2.173,2911.813
2.633697491965583,-1.0054555704860484,12.704523813081762,0.998,2.159,2925.172
2.619198448456897,-1.006336011979805,12.791148766624836,0.998,2.145,2938.547
2.60501823259416,-1.0056322707979242,12.931081684496547,0.998,2.13,2951.891
2.5903911490936102,-1.0066163152284853,13.00794451888562,0.998,2.115,2965.204
2.575244853937635,-1.0065288662552645,13.142437328781083,0.998,2.101,2978.547
2.5599975278292635,-1.0040560521570912,13.230740278465962,0.998,2.085,2991.938
2.544330604510658,-1.0061303851548975,13.39033933883289,0.998,2.07,3005.36
2.528660961833616,-1.0049395343156806,13.5351038680702,0.998,2.054,3018.719
2.5124320601058114,-1.0064158792263052,13.572453267769443,0.998,2.038,3032.047
2.4959595259339293,-1.0069853215276126,13.670569744870972,0.998,2.021,3045.422
2.4790635603843905,-1.0070225202467755,13.74494325483032,0.998,2.005,3058.829
2.461652453029654,-1.005701860205528,13.879737611431104,0.998,1.988,3072.235
2.444613865475412,-1.0058371969697528,13.98747512659735,0.998,1.971,3085.563
2.4264007679710824,-1.0056674471699076,14.138634916674745,0.998,1.953,3098.954
2.4078913852361365,-1.0045058382140208,14.241553717089625,0.998,1.935,3112.313
2.3892595223948456,-1.0042499819906274,14.349886389872204,0.998,1.916,3125.688
2.370186159862856,-1.0059740350697055,14.5313752627119,0.998,1.897,3139.047
2.350132861678336,-1.0052754216722777,14.640379648961842,0.998,1.877,3152.5
2.3301664322534057,-1.0056808479195187,14.762690204851037,0.998,1.857,3165.875
2.309304185637828,-1.004272248198658,14.862347844226385,0.998,1.837,3179.188
2.287938648307688,-1.007895836522683,14.942429957988097,0.998,1.816,3192.563
2.2659511615110866,-1.005702770477725,15.05778922020638,0.998,1.794,3205.922
2.243475210061004,-1.0049334904093967,15.160333927941045,0.998,1.772,3219.219
2.2201178464072013,-1.0047532218007351,15.256559844800677,0.998,1.748,3232.594
2.196266261741166,-1.0061639019034818,15.4317025728702,0.998,1.726,3246.0
2.1719074379720604,-1.00585337415791,15.518418039512126,0.998,1.701,3259.407
2.146902702037391,-1.007032397650676,15.729958808868233,0.998,1.676,3272.719
2.1214442820022934,-1.003776101961097,15.85142719124475,0.998,1.65,3286.063
2.0946825212286044,-1.0064560719142164,15.92291269863694,0.998,1.624,3299.454
2.067351888711908,-1.005993143230128,16.043050131585776,0.998,1.597,3312.907
2.038828324085992,-1.0029703322130907,16.161983837611587,0.998,1.569,3326.282
2.0092382085280067,-1.0085032848755244,16.321997606884967,0.998,1.539,3339.672
1.97927314966301,-1.0043504693406131,16.479143855787804,0.998,1.509,3353.047
2.8510468719124344,0.0010223631120299,16.52621032903044,0.0004,0.0,3366.563
3.149794944764076,-0.0012531288611599,16.438517181161835,0.0004,0.0,3380.079
3.245865834217069,-0.0005091547686175,16.193001163895058,0.0004,0.0,3393.688
3.303214204018464,-0.0015023305928925,16.034103609293076,0.0004,0.0,3407.282
3.3446833428430973,-0.0007763408018335,15.77727497756391,0.0004,0.0,3420.75
3.377294000792442,0.0006518599423031,15.575582503693752,0.0004,0.0,3434.282
3.403827754172993,-0.0020852976578075,15.29179532517528,0.0004,0.0,3447.766
3.4264623936307483,-0.0028419186569629,15.121254630243676,0.0004,0.0,3461.282
3.445508755492237,-0.0019143849098329,14.94504178716018,0.0004,0.0,3474.782
3.4624559884973998,-0.0015703293209518,14.64586091308038,0.0004,0.0,3488.313
3.4773386637734824,-0.0025589277129058,14.491671823977338,0.0004,0.0,3501.813
3.49033848622531,-0.0010627035440205,14.291451851138175,0.0004,0.0,3515.266
3.5020217957692448,-0.0014859139165936,14.103810243224247,0.0004,0.0,3528.813
3.5126244327961387,0.000491620305865,13.934995359906711,0.0004,0.0,3542.329
3.522478570074786,-0.0001070350766894,13.731652644090294,0.0004,0.0,3555.829
3.531445436531359,-0.0011050335157126,13.525296657242103,0.0004,0.0,3569.282
3.539065156678167,-8.62785527572485e-05,13.356483942663946,0.0004,0.0,3582.766
3.5466934142988604,-0.0018908148212294,13.144415620986718,0.0004,0.0,3596.313
3.553649917597909,-0.0001655197095552,12.965720441493994,0.0004,0.0,3609.782
3.55978835706728,-0.0004590349320468,12.801196954598767,0.0004,0.0,3623.297
3.565803341906002,-0.002757295986789,12.65020955796657,0.0004,0.0,3636.813
3.5713871968555337,0.0002354993184124,12.456170349011664,0.0004,0.0,3650.454
3.576409182508359,-0.001365037173407,12.335489313049036,0.0004,0.0,3663.954
3.581232598489927,-0.0017234281335501,12.203055568943634,0.0004,0.0,3677.454
3.5854219935076133,0.0038249849844233,12.065714792510724,0.0004,0.0,3690.922
3.589588706010894,0.0022225768943819,11.894537283907956,0.0004,0.0,3704.375
3.5936965807723897,0.0016216694547774,11.637889856303902,0.0004,0.0,3717.891
3.5976212984485447,-0.0007008561886192,11.258611134154934,0.0004,0.0,3731.407
3.6010931211334025,-0.001118990971856,10.942530263934175,0.0004,0.0,3744.891
3.60478375852165,0.0001127162977209,10.658561896524253,0.0004,0.0,3758.407
3.60785341543795,-0.0002708110530189,10.335785697600802,0.0004,0.0,3771.907
3.610999432307694,-0.0002479435917082,10.019216274125789,0.0004,0.0,3785.422
3.613871489187688,-0.0010895734981912,9.816712643233943,0.0004,0.0,3798.907
3.616634356709061,-0.0007644358724571,9.607132566016691,0.0004,0.0,3812.407
3.619341210955732,-0.0006291915564022,9.280839521772371,0.0004,0.0,3825.891
3.6219877881729072,0.0001852411370093,9.061279201626924,0.0004,0.0,3839.469
3.624382081127322,-0.0004829922277201,8.773199174411117,0.0004,0.0,3852.938
3.626682828597536,-0.0005656926023026,8.629507197941942,0.0002,0.0,3866.469
3.628895675172256,-0.0022569078757492,8.42135298828866,0.0004,0.0,3879.954
3.630925337244249,-0.0025801739217061,8.248576636922582,0.0004,0.0,3893.422
3.632916468960578,-7.974450852905085e-05,8.28779014529892,0.0004,0.0,3906.938
3.634813759941115,-0.0026491781542044,8.217440722456478,0.0004,0.0,3920.375
3.6366098021759976,0.0002772514610572,8.168419097582822,0.0004,0.0,3933.969
3.6383835898010606,-0.0012794059507669,8.138379762990679,0.0004,0.0,3947.516
3.640154423941424,-0.0011974126552832,8.083543106078528,0.0004,0.0,3961.125
3.641855722654646,-0.0018935180492743,7.993764514326236,0.0004,0.0,3974.672
3.643082298641344,-0.0012858664837519,7.933232337848494,0.0004,0.0,3988.235
3.644785859320328,8.16804573064275e-06,7.887442607625005,0.0004,0.0,4001.75
3.646259834423305,-0.0009156173722289,7.801568565249136,0.0004,0.0,4015.282
3.647654220840989,-0.0007830064996493,7.760909989828194,0.0004,0.0,4028.875
3.649033528380999,-0.0003441928678915,7.688078867717236,0.0004,0.0,4042.485
3.650329705326813,-0.0012403276698383,7.630130118195376,0.0004,0.0,4056.047
3.6514466847843914,-0.0012949162445475,7.590079452503975,0.0004,0.0,4069.563
3.6528206131140784,-0.0012317121677403,7.512836167643543,0.0004,0.0,4083.047
3.654086949360531,-0.0015125779003662,7.451387698360016,0.0004,0.0,4096.61
3.655000408701128,0.0010171106212462,7.409318432727954,0.0004,0.0,4110.141
3.6562133258636647,-0.0015798688690486,7.376476568551012,0.0004,0.0,4123.672
3.657401975192889,-8.474090318874967e-05,7.331845776012346,0.0004,0.0,4137.204
3.658336090701957,-0.0011033968653565,7.303178671943955,0.0004,0.0,4150.735
3.659452188245372,-0.0015947026814977,7.272303118076865,0.0004,0.0,4164.266
3.660305112186535,-0.0022544498141545,7.217686046635887,0.0004,0.0,4177.782
3.661375034351269,-0.0011380630901199,7.199679909379316,0.0002,0.0,4191.282
3.662433303650377,-0.001003299422169,7.157894169396805,0.0004,0.0,4204.829
3.6633496248209614,-0.0008263525245295,7.1416966411729605,0.0004,0.0,4218.329
3.6641848427246178,-0.0002519833261255,7.108321219951043,0.0004,0.0,4231.829
3.665104267267176,-0.0005871216442207,7.104812635077556,0.0004,0.0,4245.329
3.6658613679472736,-0.0009374676424236,7.068920319501628,0.0002,0.0,4258.844
3.666915374908516,-0.0003557793347804,7.050302015715578,0.0004,0.0,4272.329
3.667723031588271,-0.0007956458391188,7.032840921944552,0.0004,0.0,4285.86
3.6682772063677658,0.0002647576472352,7.014855038037249,0.0004,0.0,4299.438
3.6691584397845576,-0.0005127887014627,7.009182931497793,0.0004,0.0,4313.016
3.669756400611365,-0.0012270090325086,7.000616157484106,0.0004,0.0,4326.532
3.6705918506875337,-0.0014062887874875,6.973901918911965,0.0004,0.0,4340.063
3.671324433284399,-0.0007594394653737,6.965795130840962,0.0004,0.0,4353.641
3.672037084546288,-0.0011142870421052,6.955123271433458,0.0004,0.0,4367.094
3.6728365720965535,-0.0004956129542047,6.948161768763554,0.0004,0.0,4380.641
3.673492636747072,-0.0024465116712156,6.943716403572236,0.0004,0.0,4394.172
3.6740851550793727,-0.0003343383216079,6.925665955054443,0.0004,0.0,4407.672
3.67473190535718,0.0002349884031895,6.911045454081605,0.0004,0.0,4421.25
3.6754302771344136,0.0002791843878044,6.917884722598318,0.0004,0.0,4434.875
3.6759011715019216,-0.0015473926798128,6.888442049871736,0.0004,0.0,4448.438
3.676639489759165,-0.0014532492478103,6.883868643041646,0.0004,0.0,4462.0
3.677201033352602,-0.0001896248413078,6.876492275873685,0.0004,0.0,4475.469
3.6775964717729375,-0.0025064685493593,6.86308473088716,0.0004,0.0,4488.969
3.6784594294339903,-0.0012961994856765,6.861068655387657,0.0004,0.0,4502.485
3.678930654529609,-0.0016891678024547,6.849915022601071,0.0002,0.0,4516.0
3.679552674051736,-0.0006597779618031,6.848810761587933,0.0004,0.0,4529.485
3.679972667313832,-0.0011131867078255,6.854125454905303,0.0004,0.0,4543.016
3.6805482786026937,-0.0011992141592588,6.842331086333751,0.0004,0.0,4556.516
3.6811689742518654,-0.0028939129258128,6.848832185982136,0.0004,0.0,4570.0
3.6816824682174376,-0.0010068459839178,6.875314747660619,0.0004,0.0,4583.485
3.6820743604370794,-0.0011685638505838,6.875876651743642,0.0004,0.0,4597.032
3.682468898039183,-0.0021398042047525,6.868909727744945,0.0004,0.0,4610.516
3.683087782537181,-0.0033430572658835,6.856830878814999,0.0004,0.0,4624.016
3.683646064686363,-0.0020698227444404,6.844871455245003,0.0004,0.0,4637.532
3.684106141947952,-0.0006375283876483,6.844355033996509,0.0004,0.0,4651.047
3.6844363787263448,-0.0008840289946322,6.84358019439502,0.0004,0.0,4664.61
3.684994628509904,-0.0005325751516044,6.849558478153365,0.0004,0.0,4678.094
3.6853171605706905,-0.0018752844581112,6.853155943010914,0.0004,0.0,4691.641
3.685756704259053,-0.0009832737451704,6.854389885087913,0.0004,0.0,4705.188
3.686211251993385,-0.0005739114563377,6.853331220097529,0.0004,0.0,4718.688
3.686821934617836,-0.0014039127044233,6.856217640254858,0.0004,0.0,4732.204
3.6871098393876247,-0.0006031330074911,6.863150059348006,0.0004,0.0,4745.704
3.687462507674249,-0.0030995087879022,6.856228351789096,0.0004,0.0,4759.204
3.6879464961035424,0.000683874756394,6.859603111075521,0.0002,0.0,4772.704
3.688389237029269,-0.00191482617336,6.869166586271265,0.0004,0.0,4786.219
3.688818796320568,2.8063751376665272e-05,6.871376926289458,0.0004,0.0,4799.719
3.6891434551765134,-0.0002435318355345,6.868696318595513,0.0004,0.0,4813.25
3.689478034978632,-0.0030514948459267,6.878842278896321,0.0004,0.0,4826.75
3.689848484480917,-0.0012749826091535,6.887988154673782,0.0004,0.0,4840.204
3.69027235225908,-0.0013848890107282,6.893489762567485,0.0004,0.0,4853.719
3.6906685715292338,-0.0001865630542299,6.89972639486118,0.0004,0.0,4867.219
3.690961307032715,-0.00131006191875,6.916525776094737,0.0004,0.0,4880.704
3.691403569806663,-0.0017763606152815,6.927995886572864,0.0004,0.0,4894.219
3.691615077457889,-0.0018580204503046,6.937732591226965,0.0004,0.0,4907.688
3.692084801273079,0.0005179878739135,6.933895576689355,0.0004,0.0,4921.235
3.692463836276965,0.000855682369516,6.934303680133096,0.0002,0.0,4934.735
3.692491793598815,-0.0028450077454193,6.941519169274862,0.0004,0.0,4948.219
3.692964768764317,-0.0017938202261412,6.957550107761605,0.0002,0.0,4961.75
3.693360622075817,-0.0011311351667379,6.95905448580413,0.0004,0.0,4975.204
3.6935276878604064,-0.0013181734332294,6.976623145752805,0.0004,0.0,4988.704
3.693938125639997,0.0007361805811934,6.989918974226215,0.0004,0.0,5002.219
3.69423693014934,-0.0022459515839521,6.968356618569145,0.0004,0.0,5015.688
3.694504815467688,-0.004070825775842,6.765079109862289,0.0004,0.0,5029.25
3.694767178916912,-0.0013221723831678,6.538472695631011,0.0004,0.0,5042.735
3.6954245714667335,-0.0016743714281718,6.3775612655596605,0.0004,0.0,5056.25
3.6956049848369674,-0.0026856935758562,6.262782650144074,0.0004,0.0,5069.719
3.6959549079262057,-0.0021923800610694,6.123772266165608,0.0004,0.0,5083.188
3.696335019116658,-0.0006757684197998,5.970990951272043,0.0004,0.0,5096.657
3.696662286867237,-0.0005769876046154,5.8524054281252536,0.0004,0.0,5110.157
3.696888039800217,-0.0017026497281758,5.751491257570269,0.0004,0.0,5123.657
3.697217297010215,-0.0005738669879908,5.5813932707252105,0.0004,0.0,5137.141
3.6977511175915567,-0.0012301727839901,5.43633043146799,0.0004,0.0,5150.641
3.698106338257881,0.0017144919011068,5.314773724070766,0.0004,0.0,5164.141
3.6982117283235305,-0.001804419741094,5.217428649347416,0.0004,0.0,5177.579
3.6986547333299047,-0.0013121457170891,5.0939473120792655,0.0002,0.0,5191.063
3.6990710728406935,-0.0023547612409296,5.114666796517435,0.0004,0.0,5204.688
3.6992178603524657,0.0007329665721224,5.239626154862283,0.0004,0.0,5218.329
3.69940013079519,-0.0038382648195543,5.293241426930074,0.0004,0.0,5232.047
3.6997897021229513,-0.0023590241838374,5.338906176548897,0.0002,0.0,5245.86
3.7000834697998783,-0.0008407075633511,5.369274254732345,0.0004,0.0,5259.61
3.700362934803936,0.0003917293947304,5.396086679561164,0.0002,0.0,5273.375
3.700594823439104,-0.000136626307272,5.40439639041937,0.0004,0.0,5287.235
3.700809783378028,-0.0013617779547744,5.407488618723919,0.0004,0.0,5301.0
3.7010309911004713,-0.0009246960347787,5.4323353139669495,0.0004,0.0,5314.766
3.701261411453515,-0.0011663247380199,5.443763814640908,0.0004,0.0,5328.516
3.701414956774,-0.0009883224886628,5.460869672616148,0.0004,0.0,5342.282
3.7016798764458914,-0.0013203845629376,5.470691390962307,0.0004,0.0,5356.063
3.701777891199266,-0.0037794755887216,5.485772074624513,0.0004,0.0,5369.875
3.702066313785148,0.0007921040507112,5.491474542396658,0.0004,0.0,5383.641
3.702249250714281,-0.0011150561355933,5.510148507138717,0.0004,0.0,5397.5
3.70244357387636,-0.0010493321247906,5.512459923828266,0.0004,0.0,5411.297
