Voltage_measured,Current_measured,Temperature_measured,Current_charge,Voltage_charge,Time
4.128817487724308,-0.0002719742672689,5.108777767319182,0.0001,-0.01,0.0
4.357203740764536,1.1684447064478989,5.134525882360514,1.1821,4.993,2.594000000000001
4.369396929659898,1.145898349266791,5.146155105180726,1.1535,4.993,7.797000000000004
4.326049286847255,0.8494667007129904,5.167833590379421,0.8512,4.791,14.078000000000005
4.29586100833296,0.6683674960550299,5.196754794487686,0.669,4.664,19.64
4.267397943509224,0.5070404694670575,5.196882883994006,0.5078,4.537,25.187
4.243765373327631,0.3851969484411396,5.22850610651487,0.3839,4.449,30.75
4.226306232993763,0.2974379843619691,5.258755125000292,0.2981,4.385,36.281000000000006
4.21515373827509,0.2477883072362592,5.287121602541075,0.248,4.347,41.875
4.207488363178268,0.2146115530366922,5.303242421708988,0.2146,4.322,47.422
4.200079338194701,0.1797806959784801,5.308946963493491,0.1801,4.297,52.937000000000005
4.195917882245797,0.1654397410984599,5.323899847806305,0.1656,4.284,58.453
4.191859418424176,0.1484620177286778,5.308416815457113,0.1483,4.271,63.984
4.187662839442327,0.128175683466522,5.327417464459563,0.1321,4.259,69.562
4.187155463533516,0.1310985679922547,5.350961789148947,0.1343,4.259,75.094
4.186561618693262,0.1332270499221652,5.38162929382574,0.1348,4.259,80.594
4.186509571980939,0.1359013979503611,5.379908168191193,0.1343,4.259,86.078
4.186068468663263,0.1348664714548862,5.363497674076425,0.1354,4.259,91.625
4.186028372546033,0.1347560386866121,5.370328089556872,0.1354,4.259,97.109
4.185907809186506,0.1339638936255604,5.388724718014448,0.1359,4.259,102.609
4.185892260162681,0.1369016718973995,5.4181335508251935,0.1364,4.259,108.094
4.185650116252813,0.1337495959226095,5.4432990258098775,0.1375,4.259,113.64
4.185595415330385,0.1350620693882232,5.4270373720103775,0.1364,4.259,119.14
4.185603092301596,0.1350048419165605,5.435543433764733,0.1375,4.259,124.625
4.185600041657661,0.1374002748133389,5.444891614795711,0.1375,4.259,130.109
4.185609598444083,0.1355364375905064,5.47946723492801,0.1375,4.259,135.656
4.185744841881462,0.1373937809924816,5.479971357296908,0.1375,4.259,141.172
4.185661080249269,0.1357121222359218,5.485120743444043,0.1364,4.259,146.656
4.185506261344815,0.1353902952438584,5.486862003146516,0.137,4.259,152.14
4.1854848200902754,0.1356155546743836,5.493990081641529,0.1375,4.259,157.687
4.185638828999696,0.1363284821002645,5.514644055059272,0.137,4.259,163.172
4.185738075851676,0.1370776506760148,5.517967760911352,0.1375,4.259,168.672
4.185895050294934,0.1352286846266455,5.5207213546155485,0.1375,4.259,174.156
4.185769220017293,0.1358374400864566,5.534868995285263,0.1364,4.259,179.687
4.1859891681341415,0.139132260601537,5.537076458980202,0.1375,4.259,185.172
4.185967290232921,0.1357466474475971,5.551688857197125,0.1364,4.259,190.672
4.186053793988353,0.1331078608071971,5.570379696659809,0.1364,4.259,196.14
4.186043981490118,0.1359167880899895,5.589658214605383,0.137,4.259,201.687
4.186072126610657,0.1338535279718048,5.594625758877994,0.137,4.259,207.203
4.186085037544126,0.1333809801174511,5.607538876864373,0.137,4.259,212.703
4.186397985152881,0.1367311895191767,5.6182500075428585,0.137,4.259,218.187
4.186393142851708,0.1323145206592131,5.593156307484175,0.1359,4.259,223.734
4.186398379146333,0.1358758012709243,5.599451798396816,0.1364,4.259,229.219
4.18653155683741,0.1374497785410454,5.610877332756503,0.1364,4.259,234.734
4.186482696863698,0.1359999963943673,5.6271685180376645,0.1359,4.259,240.219
4.186536790554092,0.1345612622635394,5.657169035585769,0.1359,4.259,245.765
4.186768587930112,0.1358476980033568,5.673598824301906,0.1364,4.259,251.265
4.187006622535123,0.1376754711318051,5.6629752420998205,0.1354,4.259,256.75
4.186711139848842,0.1338130459553452,5.646156166493576,0.1359,4.259,262.219
4.187302225317956,0.1352745309983056,5.665215420828705,0.1348,4.259,267.703
4.186886151790898,0.1328629065733062,5.68522588564952,0.1343,4.259,273.25
4.187218009225692,0.1350635420452745,5.706481099422866,0.1343,4.259,278.734
4.187039581481589,0.1304015298206861,5.68370372493474,0.1354,4.259,284.234
4.18716097008238,0.1375516413661624,5.679468430771292,0.1354,4.259,289.703
4.187175221176068,0.1303977805165152,5.713628020893665,0.1348,4.259,295.187
4.187056877890724,0.1332887800745823,5.732327662160717,0.1338,4.259,300.656
4.186966942786991,0.1296002320543596,5.75407029493138,0.1343,4.259,306.14
4.187519459604105,0.1291520536465644,5.7412752085145735,0.1343,4.259,311.672
4.187665321270809,0.1343731585768264,5.753039170933987,0.1343,4.259,317.14
4.187656707904318,0.132134354410938,5.767331580522358,0.1332,4.259,322.625
4.187827294467751,0.1313498704922365,5.782256917801587,0.1343,4.259,328.422
4.187756975402585,0.1313808184123579,5.774844174289869,0.1338,4.259,334.078
4.18813112364488,0.1329175517434935,5.766182687803646,0.1332,4.259,339.734
4.188293352632368,0.1335086910230273,5.782849210588955,0.1332,4.259,345.328
4.188083013960368,0.1319511841102795,5.792845931041472,0.1327,4.259,350.953
4.188068127096157,0.1294371151612857,5.817754298094559,0.1332,4.259,356.531
4.188485527777942,0.1315568923632029,5.825166856049932,0.1332,4.259,362.172
4.188389385448688,0.1301745536355953,5.824457538185334,0.1321,4.259,367.812
4.188401993523692,0.1307254039358222,5.821944825249799,0.1321,4.259,373.39
4.188584291310609,0.1324768217520324,5.806513073732088,0.1327,4.259,379.062
4.18877588910778,0.1325117725260401,5.843103729874407,0.1316,4.259,384.625
4.189008263891567,0.1359368328185998,5.847680649900737,0.1316,4.259,390.265
4.18881028919343,0.1314137935924166,5.87741516054998,0.1321,4.259,395.828
4.18917597656209,0.1316971448616649,5.864180311779423,0.1311,4.259,401.469
4.188927357475684,0.1270756192532398,5.858048016386609,0.1321,4.259,407.062
4.189231416881645,0.1288915324881939,5.860479592078437,0.1311,4.259,412.687
4.189268462849596,0.1293467639304676,5.883309972806028,0.1316,4.259,418.25
4.189192464537824,0.1278725500330811,5.892701894682251,0.1311,4.259,423.89
4.18933193814668,0.1286955792496324,5.893565105500369,0.1305,4.259,429.469
4.189284882255213,0.1272805806916539,5.894243213827359,0.13,4.259,435.094
4.189499002883313,0.130907714407344,5.889793173994487,0.1311,4.259,440.687
4.189549200547647,0.1298940712639723,5.898307239980303,0.13,4.259,446.312
4.18965411231202,0.1308032046924352,5.939838641314177,0.1305,4.259,451.89
4.189887634218172,0.1318321790703207,5.92798689071549,0.13,4.259,457.531
4.190078248789098,0.1303568335984415,5.9280448569950615,0.1294,4.259,463.094
4.190061242731121,0.1289238261549371,5.933165020453491,0.13,4.259,468.734
4.190047694187606,0.1289116342237189,5.937274582498657,0.13,4.259,474.297
4.1902344014494455,0.1320935010921827,5.939321961769959,0.13,4.259,479.953
4.190331343534793,0.1286523682338195,5.960787889978092,0.1289,4.259,485.531
4.19033964786565,0.1318408403519141,5.976907246828412,0.1289,4.259,491.172
4.190510985905705,0.1261405347719296,5.978923985975653,0.1289,4.259,496.734
4.190226232138232,0.1265670560305255,5.972634439956664,0.1294,4.259,502.359
4.190752640202714,0.1284434897554228,5.978404134515587,0.1289,4.259,507.953
4.190546758759337,0.1304613537756321,5.975714372737946,0.1284,4.259,513.578
4.190688843322605,0.1243409868426912,5.977833729172544,0.1289,4.259,519.172
4.190605916059996,0.127380411275247,5.991481987575458,0.1278,4.259,524.797
4.19071478422708,0.1251971466981839,5.99411509071982,0.1284,4.259,530.359
4.191069202108268,0.1289848061334937,5.99990457625109,0.1278,4.259,536.0
4.191036586623977,0.1279649912424658,6.009229600468417,0.1273,4.259,541.578
4.191110475928412,0.1269827370132438,6.014225576682626,0.1284,4.259,547.203
4.191121801876844,0.1261365417041146,6.015026049971162,0.1278,4.259,552.781
4.191280895447753,0.1260059479948583,6.017341859439363,0.1273,4.259,558.406
4.191301419990516,0.1267356741651821,6.026717071082588,0.1273,4.259,563.969
4.191461228948866,0.1258075170919115,6.038394336076581,0.1267,4.259,569.609
4.191525523330297,0.125923523756111,6.040756481575022,0.1273,4.259,575.187
4.1915850219164135,0.1271652195124986,6.053460667665427,0.1267,4.259,580.828
4.188128525319959,0.1064791133447028,6.048446420916036,0.1079,4.246,586.39
4.187958006020824,0.1081336171909456,6.073443808835078,0.1095,4.246,592.015
4.187876199394333,0.1052290407198428,6.071314188938492,0.1095,4.246,597.578
4.187972886074864,0.1074285852619435,6.069166157333554,0.1095,4.246,603.234
4.188036631094075,0.1077362818637357,6.0801869387157765,0.109,4.246,608.828
4.187780979424263,0.1085172954773599,6.087426363764844,0.1095,4.246,614.469
4.18798657645668,0.1096309783021944,6.091037052667269,0.1095,4.246,620.047
4.18790785846506,0.1052354330198655,6.098945061275346,0.1095,4.246,625.656
4.188028143787094,0.1078935741179284,6.106820151557391,0.109,4.246,631.234
4.187812689329072,0.1093618318571003,6.110049057689372,0.1095,4.246,636.859
4.188009491127571,0.1067084420632353,6.125134030325014,0.1095,4.246,642.437
4.187988876874648,0.109398184739425,6.128518470023332,0.1095,4.246,648.062
4.188040081057293,0.1065355699181825,6.133084815324734,0.109,4.246,653.656
4.188045386214086,0.1073839087791314,6.142238876174555,0.1079,4.246,659.281
4.188318652584552,0.1069790137176059,6.150695820193864,0.1084,4.246,664.844
4.188146790707889,0.1076372410540614,6.1534069605997175,0.1079,4.246,670.484
4.188217414199447,0.1052601061236515,6.153577377795479,0.1079,4.246,676.047
4.18833552392426,0.1052232467328538,6.165725605909196,0.1084,4.246,681.687
4.188376232390406,0.1067607646738913,6.170128065155836,0.1079,4.246,687.265
4.188561915740882,0.1051548919045386,6.176566833502848,0.1084,4.246,692.89
4.188493117508515,0.1054887548425805,6.180328356752284,0.1084,4.246,698.469
4.188541142480521,0.1053835739732681,6.18484017931318,0.1073,4.246,704.109
4.188650744451345,0.1067388750005017,6.196488705892854,0.1079,4.246,709.672
4.188637226748198,0.1050997766009786,6.206298995286804,0.1073,4.246,715.297
4.188672125093776,0.1039550747373907,6.215730387085546,0.1073,4.246,720.89
4.188878330584405,0.1067755212469251,6.218523331474629,0.1073,4.246,726.531
4.188830234855724,0.105269414516912,6.228316317282731,0.1079,4.246,732.094
4.188712969308146,0.1061515348999894,6.233143335287337,0.1068,4.246,737.734
4.188876747850962,0.1044730131549504,6.243326117873659,0.1073,4.246,743.297
4.18887580345227,0.1051829336699347,6.248935320534232,0.1073,4.246,748.937
4.188926001027406,0.1051363936230013,6.2524549344948985,0.1073,4.246,754.531
4.189067029722709,0.104793240082435,6.262614724752233,0.1068,4.246,760.156
4.189103405318153,0.1065994330969057,6.266081948435035,0.1073,4.246,765.734
4.189056213892963,0.1061514008818347,6.272938760278269,0.1063,4.246,771.359
4.189203032812648,0.1052015653788527,6.286370685897705,0.1063,4.246,776.922
4.189353358889611,0.1051458771390817,6.290793004555872,0.1068,4.246,782.578
4.189367859857268,0.1038760725025198,6.293719668653208,0.1063,4.246,788.14
4.189477543664513,0.1042983250927067,6.298156925904012,0.1057,4.246,793.765
4.18929958204825,0.1040450671519818,6.307723053696724,0.1063,4.246,799.359
4.189370005911431,0.1044713917778029,6.317834570023493,0.1052,4.246,804.984
4.189349081913181,0.1037872293267271,6.326580207319277,0.1063,4.246,810.547
4.189610384385745,0.1036737459013608,6.330303642874962,0.1063,4.246,816.203
4.189602862734228,0.1036830724347525,6.338853581899242,0.1052,4.246,821.765
4.189662875842821,0.1036316275145181,6.344639771046859,0.1052,4.246,827.39
4.189705004701538,0.106764826078515,6.346624430390483,0.1052,4.246,832.953
4.189612658240014,0.1037351433017583,6.358135549012296,0.1057,4.246,838.594
4.189789653563297,0.1050774357072547,6.366973712256566,0.1052,4.246,844.156
4.189868181303071,0.1035248406401124,6.362184983879851,0.1052,4.246,849.781
4.190053525463872,0.1029432273453289,6.37427712133874,0.1046,4.246,855.359
4.1901967311065365,0.1020651069087804,6.374531018158796,0.1052,4.246,861.0
4.190126632569048,0.1022298620719319,6.38582469541084,0.1052,4.246,866.562
4.19053510827153,0.1029889906930771,6.39181242770518,0.1052,4.246,872.219
4.189873062947475,0.0987617407593243,6.398311453347309,0.1046,4.246,877.781
4.190440738340744,0.1048625285863231,6.408340265960813,0.1041,4.246,883.422
4.190284289963886,0.1049853208776674,6.423025277803326,0.1041,4.246,888.984
4.190501716746031,0.1055252821112164,6.428283613766824,0.1041,4.246,894.609
4.190555626538422,0.1012799854911454,6.432253998465297,0.1046,4.246,900.172
4.190464890440972,0.1043154745756169,6.419346772093889,0.1036,4.246,905.812
4.190691105829721,0.1044988997692098,6.406368942263779,0.1036,4.246,911.375
4.190431819664416,0.1003978401317769,6.347374939371795,0.1041,4.246,917.0
4.1907278383258495,0.1035764166291056,6.140022944276129,0.1041,4.246,922.562
4.190826296145858,0.1060503003231282,5.815091124919104,0.1041,4.246,928.187
4.190930383158122,0.103072795465703,5.549379469083172,0.103,4.246,933.75
4.1909348961927,0.0983013628445594,5.4241495781974605,0.1036,4.246,939.39
4.191066344697335,0.1012016315870327,5.337721032042003,0.103,4.246,944.953
4.191233070643445,0.0982112508271177,5.236549944151978,0.1025,4.246,950.578
4.191179115372751,0.10258330333479,5.146687943889061,0.1025,4.246,956.14
4.191025098233427,0.0982692451473347,5.023494293580122,0.102,4.246,961.765
4.191252227920892,0.0966728172910049,4.975832610176412,0.102,4.246,967.328
4.191265871468273,0.0986229212280387,4.838002905886453,0.1014,4.246,972.969
4.191652186107198,0.1019237879029099,4.7607610477904725,0.102,4.246,978.531
4.18837908415793,0.082649712587219,4.641205977786504,0.0842,4.233,984.156
4.18820180785354,0.0831737221768852,4.573306904697622,0.0847,4.233,989.719
4.188180007182967,0.0825693025292261,4.587060573468199,0.0847,4.233,995.344
4.188210497930034,0.0833400799314963,4.527731540793435,0.0842,4.233,1000.922
4.188372820202913,0.0812629051283457,4.414746332739268,0.0836,4.233,1006.531
4.188301295678805,0.0842172532984734,4.34972010083056,0.0836,4.233,1012.109
4.18829428779142,0.0839571131063934,4.305934891889768,0.0836,4.233,1017.734
4.188445102037277,0.081979877971654,4.209809309923687,0.0836,4.233,1023.297
4.188646411841965,0.0842438837018943,4.152053247536001,0.0842,4.233,1028.922
4.188485955476363,0.0825183316262796,4.092417358224492,0.0836,4.233,1034.5
4.18840325394625,0.0830228700509385,3.99846424905794,0.0842,4.233,1040.125
4.188403241992264,0.0824770638677258,3.978515086747886,0.0842,4.233,1045.687
4.1886728669129285,0.0817826023168723,3.926622191321556,0.0836,4.233,1051.312
4.188716033975449,0.0820291027839447,3.849506723992001,0.0831,4.233,1056.89
4.18876717470728,0.0828424534198747,3.75413360498042,0.0825,4.233,1062.547
4.188901334068248,0.079594615637015,3.734241926176259,0.0836,4.233,1068.109
4.189182067896342,0.0824742211346052,3.6873325720578425,0.0831,4.233,1073.734
4.189185595519232,0.082444700764557,3.616622872027516,0.082,4.233,1079.297
4.189044687374084,0.0821094237868502,3.59154517800086,0.082,4.233,1084.922
4.189282855569736,0.0818980565272298,3.5347645484891355,0.082,4.233,1090.484
4.189428438993541,0.0814711633396504,3.467517189250681,0.082,4.233,1096.125
4.189684974833506,0.0797705011672024,3.488455431099325,0.0825,4.233,1101.687
4.189530185507896,0.0812913598994541,3.6009700950862147,0.0815,4.233,1107.328
4.189524299509033,0.080130062892869,3.7519078409616657,0.0815,4.233,1112.89
4.189628864036549,0.0813382830306806,3.9527715807005137,0.0815,4.233,1118.515
4.18974717225537,0.0812909457032799,4.120238585555602,0.0815,4.233,1124.094
4.189782997063438,0.0796844659382835,4.182318150829797,0.0815,4.233,1129.734
4.189866253612731,0.0798282518496259,4.187750651692729,0.0815,4.233,1135.297
4.1898824414088285,0.0769895160044799,4.212202538096033,0.0809,4.233,1140.922
4.189977373671009,0.0786262103474133,4.226684277358635,0.0815,4.233,1146.484
4.189972329295627,0.0779628071598484,4.338217781919053,0.0815,4.233,1152.109
4.190158036847149,0.0808633576810215,4.396652601361447,0.0809,4.233,1157.672
4.190172734130683,0.0791669877745661,4.450678040593391,0.0815,4.233,1163.312
4.190254891206418,0.0782186528361521,4.516902123628367,0.0804,4.233,1168.875
4.190256368981886,0.0789306459328302,4.557765812163795,0.0804,4.233,1174.515
4.1900963718681865,0.0770730151439207,4.607781020071456,0.0804,4.233,1180.078
4.190366143618165,0.0793917125060371,4.597813456651683,0.0799,4.233,1185.703
4.190414391737124,0.0809790826164471,4.628853463139102,0.0804,4.233,1191.297
4.190496946045491,0.0790694254618612,4.6256471103199255,0.0799,4.233,1196.922
4.190384495260458,0.0797459468319632,4.64090439035068,0.0804,4.233,1202.484
4.19049671739873,0.0773804648592641,4.713970518598337,0.0793,4.233,1208.125
4.190581772846878,0.077460301613565,4.736232148967112,0.0804,4.233,1213.687
4.190359224652257,0.0766806803845934,4.757405694115829,0.0804,4.233,1219.344
4.190464831384532,0.080277771123846,4.750980688293719,0.0799,4.233,1224.906
4.190608057212711,0.0787689681919136,4.768641125986152,0.0793,4.233,1230.547
4.190686042574177,0.0805577050427309,4.815022865505949,0.0799,4.233,1236.109
4.190802666154395,0.0804312290016067,4.839826683220922,0.0793,4.233,1241.719
4.190615533094423,0.0795080936865574,4.853906362895742,0.0793,4.233,1247.281
4.1908042674953805,0.0789450072219982,4.882205981583093,0.0793,4.233,1252.922
4.190752918908465,0.0776211353474673,4.882283945117956,0.0793,4.233,1258.484
4.1908448672716005,0.0778069514513393,4.878964824015314,0.0799,4.233,1264.109
4.190922917843823,0.0774148055619047,4.88376339680804,0.0793,4.233,1269.687
4.191027081987695,0.0775797231284257,4.939846244490767,0.0788,4.233,1275.312
4.191204661722921,0.0786829098748588,4.971589655939197,0.0788,4.233,1280.875
4.190964557062393,0.0787278848988164,4.976981531194532,0.0782,4.233,1286.515
4.191138123192818,0.0757022358673805,4.970210487929597,0.0793,4.233,1292.094
4.191086052108284,0.0785431539702115,4.996795991503937,0.0793,4.233,1297.719
4.191217291822824,0.0771566905967551,5.003687220134342,0.0782,4.233,1303.281
4.190990929939593,0.0764101255636841,5.0021893282844,0.0788,4.233,1308.906
4.191157095598392,0.0767093736691822,5.03175559850017,0.0782,4.233,1314.469
4.191300918734987,0.0789732983703992,5.0738722046576425,0.0782,4.233,1320.109
4.191204589834882,0.0755584192681409,5.083802538028885,0.0788,4.233,1325.672
4.191437473568767,0.0788158170542211,5.093657591533348,0.0788,4.233,1331.312
4.191463007391629,0.0748056626033014,5.10448340887177,0.0777,4.233,1336.875
4.191516629181395,0.0777166548336317,5.117790228648732,0.0782,4.233,1342.5
4.191424786683149,0.0768058467231944,5.141538268511535,0.0788,4.233,1348.078
4.191322730481914,0.0771022964088014,5.153766256281793,0.0782,4.233,1353.703
4.1915511433045,0.0782574484491145,5.156822077020051,0.0782,4.233,1359.281
4.187929612280301,0.0595110353452589,5.158245839611847,0.0605,4.221,1364.906
4.1875988566463205,0.0587202792695127,5.166412861239566,0.0605,4.221,1370.469
4.187671790309303,0.060353812997943,5.197388583163228,0.0615,4.221,1376.109
4.187628073060277,0.0589990365048534,5.220591239179501,0.0621,4.221,1381.687
4.187484503858624,0.0585970848914273,5.22194589037086,0.061,4.221,1387.312
4.18748839469508,0.0589858045393799,5.241310988524954,0.0621,4.221,1392.875
4.187559201199374,0.0590546361412673,5.249001352335178,0.061,4.221,1398.515
4.187506069841659,0.0600478962662023,5.246235263614756,0.0621,4.221,1404.078
4.18738387934005,0.0614752030785282,5.2674439374257975,0.0621,4.221,1409.703
4.1874356332724245,0.0616539524371841,5.274045491802422,0.061,4.221,1415.281
4.187445103355817,0.0608049952533679,5.307175144998412,0.0615,4.221,1420.922
4.187304054952023,0.0614976749422829,5.345969259261602,0.0621,4.221,1426.484
4.187373204812373,0.0601126695722964,5.32626551816348,0.061,4.221,1432.109
4.187148585323524,0.0613657468243807,5.332088046963045,0.0615,4.221,1437.672
4.187468510203419,0.0590295342583657,5.3502739907267065,0.0621,4.221,1443.344
4.187322997467485,0.0583424710071221,5.391194839112924,0.061,4.221,1448.906
4.1873790312211945,0.0595359168166924,5.401500913627948,0.0621,4.221,1454.531
4.18736798861051,0.0618531299982989,5.397159540783399,0.0621,4.221,1460.094
4.187313468822489,0.0617307856157606,5.3966040313813375,0.061,4.221,1465.719
4.18730032915574,0.0575144531345798,5.406415929895693,0.061,4.221,1471.297
4.187310754395873,0.0599465772644786,5.414187106927088,0.061,4.221,1476.922
4.187448377369787,0.0606704743337046,5.426853519638619,0.0615,4.221,1482.5
4.18731182885161,0.0597943945759392,5.4343081254985774,0.0621,4.221,1488.125
4.187374057385863,0.0587142822676989,5.464130668725278,0.061,4.221,1493.687
4.187296530977253,0.059971007806284,5.478462238883627,0.0621,4.221,1499.312
4.1874229581891,0.0603409505802886,5.483460234304046,0.0621,4.221,1504.89
4.187389295589975,0.0612949427720859,5.491217442413246,0.0621,4.221,1510.515
4.187497104139289,0.0604518583568636,5.479539850836433,0.061,4.221,1516.094
4.187463506998406,0.0595475765431446,5.4908731182789445,0.0615,4.221,1521.719
4.187477863912183,0.059599048672286,5.504354568623461,0.0621,4.221,1527.281
4.187576788580503,0.0621998979989245,5.507668284051263,0.0621,4.221,1532.906
4.187527316025067,0.0580495586637947,5.497312873839928,0.061,4.221,1538.469
4.187534380872841,0.0608549965483177,5.518128208777121,0.0621,4.221,1544.109
4.1873586071162885,0.0601522340067779,5.541803847670021,0.0621,4.221,1549.672
4.187617026579065,0.0591559402574175,5.564375503568095,0.061,4.221,1555.312
4.187461003435347,0.0590661620150861,5.5856682914828415,0.061,4.221,1560.875
4.187432569750437,0.0571958451406451,5.603368761961524,0.0615,4.221,1566.5
4.18749456401127,0.05871704191629,5.611434202303219,0.0621,4.221,1572.078
4.187503593249382,0.0599791855140197,5.598833064307116,0.0605,4.221,1577.719
4.187571258415395,0.0592576335989905,5.585133407462295,0.0621,4.221,1583.281
4.187340755010721,0.0596988957480727,5.605755219537233,0.061,4.221,1588.906
4.187435654772037,0.0603255617879129,5.6345550651345535,0.061,4.221,1594.469
4.187630691995118,0.059406380796199,5.64249950315547,0.0615,4.221,1600.109
4.187586682383765,0.0614373174554695,5.62923258284594,0.061,4.221,1605.672
4.187769150259333,0.0594163533002949,5.640640694681567,0.061,4.221,1611.297
4.18750124861127,0.061089844981464,5.665690314270671,0.061,4.221,1616.89
4.187724288446119,0.0565177187977731,5.688206821352309,0.061,4.221,1622.515
4.187951865375806,0.0589106589459905,5.704568183040452,0.061,4.221,1628.078
4.187766061725259,0.0604347709312192,5.6831753783733125,0.061,4.221,1633.703
4.187783247028422,0.058479984578036,5.677871839788257,0.0615,4.221,1639.281
4.187856373147331,0.0587931566968653,5.677869749340474,0.0605,4.221,1644.922
4.187784432499355,0.0610679493705608,5.710563246426055,0.061,4.221,1650.5
4.187939055732061,0.0602044634926923,5.7191878478335925,0.0605,4.221,1656.14
4.187846135532937,0.0592379827631155,5.728061034675855,0.0605,4.221,1661.703
4.188086248727773,0.0602928017081343,5.736628974659309,0.061,4.221,1667.344
4.187856536057014,0.0609888740965526,5.74697352545938,0.0599,4.221,1672.906
4.187881565071741,0.0630251186550142,5.743325809012621,0.0605,4.221,1678.531
4.187944572354233,0.0612593800213419,5.752586471859303,0.0605,4.221,1684.109
4.188109318871336,0.0600696129649548,5.776119558399031,0.061,4.221,1689.75
4.187904354133156,0.0618140960239645,5.7700790477186095,0.0599,4.221,1695.312
4.187822740581882,0.0566261663625945,5.794228548062651,0.061,4.221,1700.937
4.187829348203413,0.0604395053666938,5.791248767984233,0.061,4.221,1706.5
4.188041113340653,0.0583269795339125,5.792732226852047,0.0599,4.221,1712.14
4.188223596966169,0.0586548588999705,5.811273962971667,0.0599,4.221,1717.719
4.188396478542348,0.0601208760999328,5.811154653491121,0.0599,4.221,1723.344
4.188036787548815,0.057350333977203,5.825866407890769,0.0605,4.221,1728.906
4.18800787967657,0.0587498532989818,5.839044514859363,0.0599,4.221,1734.547
4.188148603314644,0.0551428363059985,5.835323639986031,0.0599,4.221,1740.109
4.188259369200812,0.0596753138065178,5.831486256213726,0.0599,4.221,1745.75
4.188424203372893,0.0575392369438762,5.864650606199646,0.0605,4.221,1751.328
4.188194263533534,0.0579007640940019,5.864355721207178,0.0599,4.221,1756.953
4.188277288182735,0.0577928295475903,5.854428813376238,0.0594,4.221,1762.515
4.18809135895474,0.0578974935854321,5.855588086048558,0.0605,4.221,1768.156
4.188383233042257,0.0562991783605627,5.887468747925332,0.0599,4.221,1773.719
4.188165402499445,0.0604154266695418,5.913773756737505,0.0599,4.221,1779.359
4.188383425126857,0.0581972033160595,5.899683527635709,0.0594,4.221,1784.922
4.188372368627468,0.0584208608794309,5.887245275015252,0.0599,4.221,1790.547
4.1885516326528185,0.0573824187080639,5.90172426210238,0.0599,4.221,1796.125
4.1882845640311945,0.0587106186844358,5.892123551188384,0.0594,4.221,1801.75
4.188466635258528,0.0572352679055654,5.902039050621556,0.0594,4.221,1807.312
4.188523466403246,0.0574247312361499,5.909203017311474,0.0599,4.221,1812.953
4.188447133397145,0.056431961116431,5.966161764914089,0.0599,4.221,1818.531
4.18845808364982,0.0575342694734164,5.975462978986238,0.0588,4.221,1824.156
4.188676029567596,0.0589479040193673,5.9703420232052,0.0599,4.221,1829.719
4.188519296602568,0.0568772792528975,5.966368335209096,0.0594,4.221,1835.344
4.188620548852837,0.0591628370207026,5.972611556694415,0.0588,4.221,1840.922
4.188945043009608,0.0550211762474148,5.968355172939613,0.0594,4.221,1846.562
4.188748491412167,0.0592133232356413,5.978878119024555,0.0599,4.221,1852.125
4.188547225021137,0.0597511631077461,5.976161054865054,0.0588,4.221,1857.75
4.18869478267007,0.0597086778687063,5.98885018298741,0.0588,4.221,1863.328
4.18854784893275,0.0592818886213532,5.985387312276568,0.0594,4.221,1868.953
4.188650672356105,0.0591988103860223,5.994240706683415,0.0583,4.221,1874.547
4.188641112035689,0.0564238438980014,6.002716180766433,0.0594,4.221,1880.187
4.188715994304463,0.0569980560873379,6.008532173312503,0.0583,4.221,1885.75
4.188954976449873,0.056437338299466,6.017588846542801,0.0594,4.221,1891.39
4.188661476029975,0.0575038383076235,6.017166027333561,0.0588,4.221,1896.953
4.1889587317845205,0.0588672406943883,6.030833489607654,0.0588,4.221,1902.578
4.189000347467725,0.0570725628502217,6.039292928508606,0.0583,4.221,1908.172
4.189027296336893,0.0600392847353732,6.034574059314441,0.0583,4.221,1913.781
4.188856485839525,0.0580648844171657,6.050838062967186,0.0588,4.221,1919.359
4.189027836931483,0.0581143042694594,6.057291807977812,0.0588,4.221,1925.0
4.189186131079674,0.0536050781782938,6.053852926373161,0.0583,4.221,1930.562
4.189010914699939,0.0571824381031943,6.063183834447786,0.0583,4.221,1936.203
4.189227790412127,0.0564116008353597,6.063963591697808,0.0588,4.221,1941.781
4.189175494382912,0.0596536861935668,6.077915814272748,0.0583,4.221,1947.422
4.189169990250301,0.0577566483011315,6.088044805927868,0.0583,4.221,1953.0
4.189069044484013,0.0566779829976968,6.096839424425024,0.0578,4.221,1958.625
4.189115076792091,0.052829968039947,6.092744439552411,0.0578,4.221,1964.219
4.189417603617072,0.0562636629776959,6.101414696840093,0.0588,4.221,1969.875
4.189043112751982,0.0580239585253527,6.119218522089064,0.0578,4.221,1975.515
4.189373033395884,0.0553155288957441,6.116165414047594,0.0588,4.221,1981.094
4.1892241088820965,0.0567735223433608,6.124225373131056,0.0578,4.221,1986.734
4.189192868402106,0.0580194059686107,6.118860264094837,0.0578,4.221,1992.328
4.189624866175569,0.0561565861566664,6.136464717761422,0.0578,4.221,1997.969
4.189327479880995,0.0554793847750773,6.140261247633955,0.0583,4.221,2003.609
4.189551029776839,0.0582329310581758,6.147899952884824,0.0583,4.221,2009.203
4.189409362370296,0.0554700329668408,6.147352088777523,0.0572,4.221,2014.828
4.189351917445364,0.0538394970022398,6.14983148284986,0.0572,4.221,2020.422
4.189346436291391,0.0584653839672012,6.162863050973569,0.0583,4.221,2026.078
4.189305145427491,0.0540594209552297,6.1695537231523145,0.0578,4.221,2031.719
4.189457476266915,0.0545817158355437,6.190255947420937,0.0583,4.221,2037.312
4.189904144220891,0.0596859404615879,6.196480749876975,0.0572,4.221,2042.953
4.189391636416051,0.0549731731487209,6.203310856203096,0.0578,4.221,2048.547
4.189598653122749,0.0551651800098498,6.20436393614121,0.0572,4.221,2054.187
4.189734643025461,0.0584601251937165,6.211702259919496,0.0567,4.221,2059.812
4.189603378639338,0.0562379915573887,6.220389614268426,0.0578,4.221,2065.406
4.189688546471096,0.0510314410344412,6.22896291225149,0.0578,4.221,2071.047
4.189673426409771,0.0568659547217026,6.23170971020589,0.0567,4.221,2076.625
4.189652902116153,0.0535949333681245,6.238449480109428,0.0578,4.221,2082.281
4.1894844242279925,0.0542074789441251,6.241165094258951,0.0567,4.221,2087.937
4.189839714048957,0.0554255343712087,6.249081003218533,0.0567,4.221,2093.515
4.189449547796528,0.0556354477796692,6.260573680286521,0.0578,4.221,2099.156
4.189800711742079,0.0558757633800967,6.272396050506427,0.0572,4.221,2104.734
4.1898447695989605,0.0537510939387592,6.276752631466191,0.0572,4.221,2110.375
4.189556397152774,0.0543548416459255,6.283830915270322,0.0567,4.221,2115.969
4.189843286934521,0.0567883852711673,6.285345719800914,0.0572,4.221,2121.609
4.189665674736525,0.0558272810630776,6.289411201241719,0.0561,4.221,2127.25
4.190005766761887,0.0554273842819106,6.300038557694344,0.0561,4.221,2132.859
4.189881654227345,0.0564839841755179,6.308457812546475,0.0561,4.221,2138.5
4.189998740665243,0.0558180703811356,6.307897218308234,0.0561,4.221,2144.094
4.19009602289492,0.0548157751539467,6.320870399590002,0.0572,4.221,2149.734
4.190000978061749,0.0543634752277758,6.330770869388844,0.0572,4.221,2155.328
4.189799291677662,0.0549964094897815,6.33795796832687,0.0567,4.221,2160.969
4.190095079716552,0.0580522437450679,6.336925822489116,0.0567,4.221,2166.609
4.190000453893768,0.0542542271959832,6.350895741062696,0.0567,4.221,2172.203
4.190294752287455,0.0570665860526194,6.364660469197528,0.0567,4.221,2177.859
4.190054648064097,0.0553096413191532,6.366416353866107,0.0567,4.221,2183.437
4.190151693976049,0.053232782866855,6.375698105435165,0.0567,4.221,2189.062
4.190389038336274,0.0551547313711178,6.3762692961067495,0.0567,4.221,2194.656
4.190382576120896,0.0558731546767583,6.390701141857507,0.0567,4.221,2200.297
4.1903333926437165,0.055069500160135,6.403622000135012,0.0556,4.221,2205.89
4.190506210069232,0.0540170666946275,6.4014713452921885,0.0561,4.221,2211.531
4.190344043239174,0.0543834519732177,6.4144716504107375,0.0567,4.221,2217.125
4.190360305619372,0.0558073755155286,6.411172025594113,0.0561,4.221,2222.765
4.190601653502757,0.0559016219876634,6.407457718665341,0.0556,4.221,2228.406
4.190474168503837,0.0533744475421028,6.378431997533305,0.0556,4.221,2233.984
4.190284159990827,0.0495896444556486,6.328173658536499,0.0561,4.221,2239.625
4.190419685161751,0.054424444827706,6.139239159034731,0.0561,4.221,2245.219
4.190590321482077,0.0529662431259617,5.85490135437379,0.0556,4.221,2250.875
4.190502957208435,0.056031827454735,5.59119404935856,0.0556,4.221,2256.5
4.190684709390011,0.0523568823867895,5.362078918763038,0.0556,4.221,2262.094
4.190433795685811,0.0562480250676298,5.2707355131070015,0.0556,4.221,2267.734
4.190671962246436,0.056521842009824,5.200105232705475,0.0551,4.221,2273.312
4.190816293013423,0.0495362311072562,5.156726550640125,0.0551,4.221,2278.953
4.190711053074018,0.0535176853789333,5.035222509592886,0.0551,4.221,2284.547
4.190928201139252,0.0546680992403834,4.976496721910318,0.0545,4.221,2290.203
4.190915182224699,0.0527958838965175,4.899009197721393,0.0545,4.221,2295.828
4.190856454399092,0.0537958998726392,4.777451775123228,0.0551,4.221,2301.437
4.191119419832517,0.0563647321399395,4.662721195972249,0.0556,4.221,2307.094
4.190893027372444,0.0522649800946316,4.62293371013532,0.0545,4.221,2312.672
4.190843206209021,0.0547843233681889,4.576095585287989,0.0545,4.221,2318.328
4.191085357109863,0.0523909778143274,4.488676501484618,0.0545,4.221,2323.984
4.19119216228258,0.0511432265429841,4.4181225013491074,0.0545,4.221,2329.562
4.191181419058745,0.0526368893436554,4.388108294882788,0.054,4.221,2335.203
4.191512646779081,0.0522890715260597,4.320271221469604,0.054,4.221,2340.797
4.191399419809077,0.0519209015544672,4.242138627117472,0.054,4.221,2346.453
4.1913501872390135,0.0510938045825341,4.186748762234624,0.0545,4.221,2352.078
4.191703904140629,0.0520019014592531,4.110381459369366,0.054,4.221,2357.656
4.187851333693136,0.0363083062141821,4.055776769068822,0.0357,4.208,2363.297
4.187976261432388,0.035847762039507,4.02465156903827,0.0362,4.208,2368.875
4.187852761007899,0.0357316770393147,3.9570645045942863,0.0367,4.208,2374.5
4.187758121031474,0.0360184638080454,3.892754995408167,0.0362,4.208,2380.078
4.187903403009335,0.0365329982593482,3.8312137101414474,0.0362,4.208,2385.703
4.187837455065731,0.0354553937666154,3.8281008366264655,0.0367,4.208,2391.281
4.187737699353702,0.0323980866117088,3.760340742874844,0.0367,4.208,2396.906
4.187885247072281,0.0376826646202069,3.700166773345151,0.0373,4.208,2402.484
4.187961430760151,0.0339458064219446,3.626683289369145,0.0362,4.208,2408.125
4.187673783029636,0.0321427380739262,3.612396157931039,0.0367,4.208,2413.687
4.188014258203837,0.0369165850068332,3.5527897529685992,0.0373,4.208,2419.312
4.18767652039773,0.0352778284657098,3.631456958944964,0.0362,4.208,2424.875
4.187823496575261,0.0347360020998793,3.768105594018144,0.0367,4.208,2430.515
4.187819046687956,0.0353092093915017,3.958414618362161,0.0367,4.208,2436.094
4.187835410651105,0.0341745906679732,4.132696776436548,0.0367,4.208,2441.719
4.187868220758059,0.0345536775500086,4.214067473479996,0.0362,4.208,2447.281
4.187731790316182,0.0347911585525448,4.244551293843323,0.0362,4.208,2452.922
4.187838869130257,0.035779640376677,4.275929671281367,0.0362,4.208,2458.484
4.187777524366255,0.0330366093584891,4.35835958090892,0.0367,4.208,2464.14
4.187715486284093,0.037183468416514,4.404467620895872,0.0362,4.208,2469.703
4.187735895619143,0.0365645974239732,4.450116756678117,0.0362,4.208,2475.328
4.187840345010602,0.0356150085257584,4.494015620903907,0.0367,4.208,2480.89
4.187843135685543,0.0366073029808545,4.513769501953737,0.0362,4.208,2486.531
4.187917826446653,0.034600080861141,4.562673167021562,0.0367,4.208,2492.094
4.187900194455523,0.03607466849291,4.58154845316586,0.0362,4.208,2497.734
4.187885644900304,0.0344714844524754,4.629581310388872,0.0367,4.208,2503.297
4.187798501120298,0.0360329973640872,4.652984096461781,0.0362,4.208,2508.937
4.18787979874144,0.0321644422116786,4.695325958220925,0.0367,4.208,2514.515
4.187918018204394,0.0361456661310241,4.737527509732174,0.0362,4.208,2520.14
4.187729685517512,0.0361079513985299,4.755406580631096,0.0367,4.208,2525.734
4.187913767112469,0.0353739435736291,4.7757100211959145,0.0367,4.208,2531.359
4.188057903196213,0.036060296436038,4.758536858572897,0.0367,4.208,2536.937
4.187943034201438,0.0347052830587239,4.75376433095609,0.0362,4.208,2542.562
4.187852856248251,0.034527922656585,4.810744061275738,0.0367,4.208,2548.14
4.187889354867997,0.0347788924010871,4.834041279410836,0.0362,4.208,2553.781
4.188030927781663,0.0329056056299544,4.86892035166155,0.0362,4.208,2559.422
4.187923190109816,0.0343019751874517,4.883706011416351,0.0367,4.208,2565.0
4.187992621391111,0.0366259446049257,4.914411228138388,0.0362,4.208,2570.64
4.18796929506879,0.0343241755434761,4.923105070852448,0.0367,4.208,2576.203
4.188028245066469,0.0351796568302031,4.938232018334056,0.0362,4.208,2581.859
4.1880367000963,0.0355881324803389,4.978134804223917,0.0362,4.208,2587.437
4.1880915262293605,0.0352324444291855,4.963093710079623,0.0367,4.208,2593.078
4.188121584692161,0.0356606076520091,4.9802548266714775,0.0362,4.208,2598.64
4.187975506145038,0.0347721927756341,4.986271365065322,0.0357,4.208,2604.265
4.187944754773509,0.0352462803146802,5.013747890948333,0.0367,4.208,2609.828
4.188144046997017,0.0351834455508836,5.045452547298258,0.0362,4.208,2615.469
4.187863683614994,0.0346184977426549,5.079011680568533,0.0362,4.208,2621.047
4.188292835041967,0.035405140374001,5.076026051544188,0.0362,4.208,2626.672
4.188166465855801,0.0350236150105899,5.078809330952623,0.0362,4.208,2632.265
4.187992961043734,0.0362384192115838,5.098604221809959,0.0362,4.208,2638.156
4.1879646874376775,0.034130258655577,5.092562203905648,0.0367,4.208,2643.75
4.187973705681351,0.0347959259070636,5.103372847079535,0.0362,4.208,2649.406
4.187969566777554,0.0345007974913527,5.119576312254488,0.0357,4.208,2655.094
4.1878871361461165,0.0325112039168521,5.1451445095331785,0.0367,4.208,2660.687
4.1880344060152215,0.0356625144728984,5.149654795120267,0.0357,4.208,2666.344
4.188015938431244,0.0339003002462794,5.170250842504115,0.0357,4.208,2672.078
4.188101073312652,0.035407129067628,5.199302814197734,0.0362,4.208,2677.781
4.188104869813766,0.033728351716888,5.211138185546852,0.0362,4.208,2683.515
4.188009461685201,0.0332978475107253,5.208684113013692,0.0362,4.208,2689.125
4.18810651480876,0.0345201174635674,5.21982471769407,0.0362,4.208,2694.75
4.188110799518832,0.033908390684176,5.24985715880425,0.0357,4.208,2700.422
4.188092376783136,0.0338048230364684,5.243383824616808,0.0357,4.208,2706.031
4.188023705071172,0.0339453893424895,5.259282325850462,0.0357,4.208,2711.687
4.188093048607639,0.0343602424029253,5.251101585245015,0.0362,4.208,2717.297
4.188230088057746,0.0328892613145268,5.268960503944549,0.0357,4.208,2722.953
4.188223487814206,0.0342953867311467,5.306352733498485,0.0357,4.208,2728.625
4.18813581584987,0.0358705052742422,5.346260420941741,0.0357,4.208,2734.219
4.188201782177927,0.0349589288489403,5.331074719878566,0.0351,4.208,2739.875
4.188139090017738,0.0327157603520933,5.3313152838386575,0.0357,4.208,2745.531
4.188126904086748,0.0320790750236733,5.352899359974915,0.0357,4.208,2751.125
4.1881108705410055,0.0368683803623975,5.363605834046255,0.0357,4.208,2756.765
4.188206531965856,0.0316284204535229,5.38703976600631,0.0357,4.208,2762.359
4.188247638612145,0.0331079070395965,5.395751513281561,0.0351,4.208,2768.015
4.188114060345787,0.034186203004048,5.394746230751284,0.0362,4.208,2773.703
4.188344052531919,0.0339273728549648,5.396009755409589,0.0351,4.208,2779.281
4.188262944364945,0.0348852217177715,5.437467357371441,0.0357,4.208,2784.953
4.188233252058053,0.0326310103734314,5.469360579716284,0.0362,4.208,2790.609
4.188142661337046,0.0345131467772321,5.469727351048406,0.0362,4.208,2796.203
4.188368350980799,0.0313440361209065,5.470393879002216,0.0362,4.208,2801.859
4.188348216715943,0.0356285032477298,5.43650947100053,0.0362,4.208,2807.515
4.18820510691782,0.0328057867746768,5.446608331401075,0.0362,4.208,2813.109
4.188289921805253,0.0348612627124067,5.474203014595348,0.0362,4.208,2818.75
4.1883672438959465,0.0339422561557577,5.480627127981856,0.0362,4.208,2824.344
4.18838571954466,0.0322069813690052,5.495694859954479,0.0362,4.208,2830.0
4.188535878127504,0.0317831278642709,5.520805634877578,0.0362,4.208,2835.656
4.188248865355815,0.0343241378960828,5.531510586246968,0.0357,4.208,2841.234
4.188305179886969,0.0361691660040252,5.533155351137194,0.0362,4.208,2846.875
4.188307409893914,0.0324510129746464,5.553439628182604,0.0351,4.208,2852.469
4.188520991862273,0.0343164454179029,5.55771639910456,0.0362,4.208,2858.125
4.188306828706343,0.0348100803972135,5.5501483878586,0.0351,4.208,2863.765
4.188301953626463,0.0354806798166143,5.567620955928951,0.0357,4.208,2869.39
4.188253861191397,0.0356605672559751,5.578483484263544,0.0357,4.208,2875.031
4.18829169020569,0.0361056062024441,5.599068290881735,0.0351,4.208,2880.687
4.188415933364744,0.0337479074698103,5.59490033314929,0.0357,4.208,2886.281
4.188410888266558,0.033908208066403,5.605745663328629,0.0351,4.208,2891.937
4.188355081216058,0.031304498842449,5.626106246217574,0.0362,4.208,2897.594
4.188380278207419,0.0336971208340414,5.647406535955081,0.0351,4.208,2903.172
4.188506128299126,0.0330412906414272,5.657627612133898,0.0351,4.208,2908.812
4.188526788709738,0.0321378342340472,5.6514412475774565,0.0357,4.208,2914.39
4.188277386505575,0.0340687396603467,5.681240868440247,0.0351,4.208,2920.031
4.188329324555109,0.0342191010911695,5.676958974821387,0.0351,4.208,2925.672
4.188439896231784,0.0344010113980984,5.691365599992233,0.0357,4.208,2931.265
4.188457696871748,0.0326078139795564,5.691008820244919,0.0351,4.208,2936.906
4.18848523352643,0.0343533229130965,5.707565352114003,0.0362,4.208,2942.469
4.188538100834098,0.0338357359352557,5.72437158718912,0.0357,4.208,2948.109
4.188568794444412,0.0358545656673062,5.719988564552332,0.0351,4.208,2953.703
4.188587454111158,0.0337751299616382,5.732645931580705,0.0351,4.208,2959.359
4.188564017103874,0.0333896604377019,5.721771283364833,0.0346,4.208,2965.031
4.188480502829544,0.0346623340981924,5.720830053237122,0.0346,4.208,2970.625
4.188483141655078,0.0361560566405428,5.741435673058546,0.0357,4.208,2976.265
4.188480206151868,0.0306083607211647,5.756844133813031,0.0346,4.208,2981.922
4.188555334813984,0.0355537328795891,5.782593286457644,0.0351,4.208,2987.515
4.188783408261042,0.0322195499708803,5.7791118928733605,0.0346,4.208,2993.156
4.188491382117253,0.0346944750871521,5.766897186517739,0.0346,4.208,2998.812
4.188647170040483,0.0325818315427981,5.761585645559872,0.0351,4.208,3004.39
4.188661486022738,0.0327896253933737,5.795305670113188,0.0351,4.208,3010.031
4.188751218299177,0.0341815128238563,5.82676530865319,0.0346,4.208,3015.625
4.188785334349304,0.0328361755487946,5.820845198473556,0.0351,4.208,3021.265
4.188858065740609,0.0323402255892391,5.804688449037334,0.0346,4.208,3026.922
4.188699059931611,0.0324437185065589,5.807291588693019,0.0346,4.208,3032.5
4.188768378963865,0.0343176290639354,5.826285647447652,0.0346,4.208,3038.156
4.188768482519741,0.0334496832053206,5.830822502961947,0.034,4.208,3043.734
4.188758229848832,0.0364824946860558,5.8361290439514,0.0346,4.208,3049.39
4.188818799367049,0.0328939993436631,5.861756746584373,0.0351,4.208,3055.047
4.188722763748404,0.0321971832002578,5.8680399002942725,0.0346,4.208,3060.64
4.188577093954174,0.0345957260436146,5.851700431181744,0.0351,4.208,3066.281
4.188867873608346,0.0336767959111605,5.8506259549059445,0.0346,4.208,3071.859
4.1888311546995,0.0342448388578784,5.870218398636059,0.034,4.208,3077.515
4.188711455681886,0.0331379931488296,5.893754662684443,0.0346,4.208,3083.172
4.18889703142636,0.0326472363430302,5.888312428692712,0.034,4.208,3088.765
4.18876338548659,0.0312004991647357,5.8941702781264445,0.034,4.208,3094.406
4.188656750354187,0.0306563985917285,5.885731829759529,0.0351,4.208,3100.031
4.188852552436322,0.0343172107932324,5.892006746930353,0.0346,4.208,3105.672
4.188647972375292,0.0345171635325652,5.902264998813458,0.034,4.208,3111.328
4.189039725001974,0.0328757714236705,5.945178670429197,0.034,4.208,3116.906
4.188778562926204,0.0330133166227233,5.979136198249124,0.034,4.208,3122.515
4.18879971695449,0.0317597376824805,5.962426314668942,0.0351,4.208,3128.125
4.188864931659227,0.032968059382022,5.959745219478742,0.0351,4.208,3133.765
4.188699641862978,0.0331405736853269,5.963991209794033,0.0351,4.208,3139.406
4.189050253518478,0.0345378729279002,5.9642746439321614,0.0351,4.208,3145.109
4.189003893125748,0.0351082309074324,5.967242221055856,0.0346,4.208,3150.781
4.188999164496152,0.0328491105871079,5.970853252657115,0.0351,4.208,3156.406
4.189040824969501,0.0328389229932411,5.9865998386325145,0.0351,4.208,3162.0
4.18882454481076,0.0342135168685003,5.993123645880078,0.0351,4.208,3167.64
4.1890351886284645,0.0322912188951743,5.990009105548009,0.034,4.208,3173.219
4.188957091795302,0.0342258777998848,6.000640526559862,0.034,4.208,3178.797
4.188930878743848,0.0319529608999907,5.999786021720047,0.0346,4.208,3184.453
4.188909647806046,0.0341791608772362,6.007693714853881,0.0346,4.208,3190.109
4.188908121732366,0.0327279385730482,6.022029710157675,0.034,4.208,3195.672
4.189203976551788,0.0325970898915219,6.034278508341811,0.034,4.208,3201.312
4.189003645014601,0.0332399068732137,6.030960938077954,0.0346,4.208,3206.906
4.189093073629067,0.0352164584423994,6.041287637101781,0.0346,4.208,3212.547
4.189227395724499,0.0323768489817358,6.049636865171999,0.034,4.208,3218.125
4.189180398067466,0.0313562722861131,6.044921696800819,0.034,4.208,3223.781
4.18903644709108,0.0314604140091974,6.06017528706868,0.0346,4.208,3229.406
4.189151973772571,0.0318200299598849,6.070373477123036,0.034,4.208,3235.0
4.189247915301308,0.0320878420932063,6.076621051682098,0.0335,4.208,3240.64
4.189131650644229,0.0315031979943462,6.072558627230842,0.034,4.208,3246.234
4.18918065758671,0.0302614055852173,6.091557488953827,0.034,4.208,3251.875
4.189206132612399,0.0345037942985012,6.092970417873049,0.0335,4.208,3257.531
4.189205180563395,0.0321547624667408,6.09408931961918,0.034,4.208,3263.094
4.189256321901676,0.033460240094928,6.0983655184921,0.0346,4.208,3268.734
4.189300689468687,0.0312649810399471,6.109280734981414,0.034,4.208,3274.328
4.189059960235302,0.0327181124697379,6.120649116070935,0.034,4.208,3279.969
4.1891232499942666,0.0324657951245329,6.1214800231928885,0.0335,4.208,3285.562
4.189312308719491,0.0310491097581549,6.123680717744677,0.0335,4.208,3291.203
4.189226653154017,0.0313684865543726,6.129948178676933,0.0335,4.208,3296.797
4.189293757794331,0.0321239014746717,6.134294635582705,0.034,4.208,3302.453
4.1893624948115,0.0283041240384933,6.14709287344086,0.034,4.208,3308.031
4.189281955801559,0.0327315547391294,6.153069242360978,0.0335,4.208,3313.672
4.18926331558374,0.0324307062251296,6.169577731036565,0.0335,4.208,3319.312
4.189517557320356,0.0326393253002534,6.174557439147897,0.034,4.208,3324.906
4.189208592565687,0.033291891583997,6.182958024501471,0.0335,4.208,3330.547
4.189286506930167,0.0316261383705935,6.186348203526966,0.034,4.208,3336.125
4.189383499003826,0.0315999917965396,6.1896361551559504,0.034,4.208,3341.781
4.189303726056895,0.0344990418205371,6.195326164021014,0.034,4.208,3347.39
4.189205312134207,0.0323059363911454,6.202397325700143,0.033,4.208,3352.969
4.189527433402803,0.0316836128305819,6.20649679562144,0.033,4.208,3358.562
4.189317103390312,0.0301882922783065,6.214570397545507,0.033,4.208,3364.156
4.189406704450032,0.0307729265907399,6.219921434568402,0.034,4.208,3369.75
4.189441900549199,0.0304699661312449,6.226168293345524,0.0335,4.208,3375.375
4.189396003630841,0.0329100861236657,6.232263305639064,0.034,4.208,3380.984
4.18931663408133,0.0304580417080782,6.234790508636364,0.0335,4.208,3386.625
4.189223490710544,0.0316217394025493,6.2421542540101145,0.033,4.208,3392.234
4.189582868250906,0.034075164402895,6.257527352285554,0.033,4.208,3397.953
4.189552623539563,0.0311653525987856,6.254693094465342,0.034,4.208,3403.547
4.189530959614643,0.0311458226770631,6.267880450014774,0.033,4.208,3409.156
4.189467872808046,0.0343532257774204,6.271201707259304,0.034,4.208,3414.734
4.189326427103045,0.0314170239854868,6.276742627078792,0.034,4.208,3420.375
4.189529410969136,0.0330522046209672,6.278672366310956,0.033,4.208,3426.0
4.189650943648109,0.0310252878449606,6.293205732877135,0.033,4.208,3431.625
4.189552735265079,0.0328984836811534,6.304168530076768,0.0335,4.208,3437.328
4.189650368101291,0.0297377944161369,6.309770501091137,0.034,4.208,3442.906
4.1897861015338655,0.0327331651815374,6.315575243999757,0.0335,4.208,3448.547
4.1895981560683735,0.0309243636401099,6.324742227864852,0.033,4.208,3454.187
4.189630792296333,0.0311330902049172,6.328372146216249,0.0335,4.208,3459.812
4.189614845175366,0.0309104191448597,6.330845287925302,0.033,4.208,3465.406
4.189573458668077,0.0328721264976892,6.337458552603074,0.033,4.208,3471.047
4.189563678535128,0.0337001693006269,6.342918747094727,0.033,4.208,3476.672
4.189611410732662,0.0315926457666553,6.351339994700946,0.0324,4.208,3482.25
4.189746676325206,0.0294206443526755,6.352045360822491,0.033,4.208,3487.906
4.189722029481505,0.0329536166686951,6.362024105048992,0.0335,4.208,3493.484
4.189638805053078,0.0310477002451432,6.368221745100801,0.0335,4.208,3499.125
4.189617640291455,0.0298890832551257,6.379622707795416,0.0335,4.208,3504.765
4.189581180149328,0.0295625735416683,6.385316912307453,0.0324,4.208,3510.344
4.189768370109624,0.0303988533001259,6.387279221828286,0.0335,4.208,3515.984
4.189729093194165,0.0326601430773473,6.395690350248223,0.0324,4.208,3521.547
4.189804548329669,0.0308053090184627,6.404354596531431,0.0324,4.208,3527.187
4.189848693729188,0.0315036009452073,6.406693636339332,0.0335,4.208,3532.765
4.189910048832268,0.0304837602451858,6.399059259806622,0.0324,4.208,3538.406
4.18978297296996,0.0319099128191739,6.3868117139516905,0.0324,4.208,3544.047
4.189856136952094,0.0303888965417072,6.307818700434501,0.033,4.208,3549.64
4.189882767089167,0.0326332916150119,6.105359676742314,0.0324,4.208,3555.156
4.18984793581372,0.0336375874828135,5.844132356329635,0.033,4.208,3560.734
4.189907542620394,0.0295563222617303,5.568956252974276,0.0319,4.208,3566.25
4.189804811885475,0.0309459727888215,5.353369369103913,0.033,4.208,3571.781
4.189955241455962,0.0322652939046305,5.271292820462849,0.0319,4.208,3577.359
4.190091231383795,0.0284916353125821,5.200960198103292,0.033,4.208,3582.89
4.1900118887275655,0.0301009759344334,5.129766529487854,0.033,4.208,3588.406
4.19006921952471,0.0317434496901511,5.05670838706623,0.033,4.208,3593.922
4.190064825744909,0.0303891050780565,4.964001010849094,0.0319,4.208,3599.5
4.190019594284843,0.0314343215769927,4.920650913778181,0.0319,4.208,3605.031
4.1902093164857765,0.0298919431323373,4.815887954586018,0.0324,4.208,3610.562
4.190205739621486,0.032046360589076,4.691677659373294,0.0324,4.208,3616.14
4.190155533158443,0.0301153544792859,4.655243016363776,0.0319,4.208,3621.672
4.190334033973015,0.0316039159281373,4.591798587390863,0.0313,4.208,3627.187
4.190163439251645,0.0345832494197413,4.467997494055608,0.0324,4.208,3632.765
4.190360870896619,0.0286696775287194,4.438954366708924,0.0324,4.208,3638.297
4.190368882118242,0.0302580276779243,4.401865092389044,0.0319,4.208,3643.828
4.190322353897755,0.0312822744839547,4.3391214772969136,0.0324,4.208,3649.344
4.190264816058288,0.0288841498183308,4.257164314859732,0.0313,4.208,3654.922
4.190452712194501,0.0294113569383889,4.195448597755898,0.0308,4.208,3660.453
4.190574822862189,0.0323150458499259,4.151898917924578,0.0319,4.208,3665.969
4.190579385061093,0.0301730230962358,4.121340990942078,0.0308,4.208,3671.547
4.190617696369532,0.0296568450747969,4.051119763621591,0.0319,4.208,3677.078
4.190628073260023,0.0278322478567186,3.94671754530054,0.0313,4.208,3682.594
4.190840277642264,0.0280391119143508,3.8723156832875376,0.0308,4.208,3688.031
4.190886851752836,0.0279232659683943,3.8576566317700975,0.0308,4.208,3693.484
4.19087606036367,0.0289510832089265,3.8206515689625418,0.0303,4.208,3699.015
4.190738136156289,0.0287503960445567,3.75507755689578,0.0308,4.208,3704.484
4.190841331940954,0.0316985923366321,3.727242497383516,0.0303,4.208,3709.937
4.190862355461258,0.0278921568712915,3.662540252389447,0.0313,4.208,3715.39
4.1909540419459805,0.027487676481341,3.6153989311388735,0.0308,4.208,3720.859
4.1908021803185775,0.0255490105483061,3.5653284233545834,0.0308,4.208,3726.312
4.190963799890193,0.0305029006774006,3.54242241082068,0.0308,4.208,3731.765
4.191013733085896,0.0293556581102894,3.509468972478497,0.0308,4.208,3737.219
4.191080231002311,0.0271463225851114,3.475298182571451,0.0308,4.208,3742.687
4.19093575784768,0.0284514788867652,3.379027581159788,0.0308,4.208,3748.14
4.19119173510864,0.0277882113211797,3.318931800277522,0.0308,4.208,3753.594
4.191087199872897,0.0289437449547647,3.39461612269046,0.0303,4.208,3759.062
4.191072130576294,0.0279404008378028,3.549815183729331,0.0303,4.208,3764.531
4.191013625397061,0.0277938986671263,3.725964098767714,0.0297,4.208,3769.984
4.191344475492634,0.0241259805506956,3.898781071491229,0.0303,4.208,3775.437
4.191360606808676,0.0283519485335822,4.002481815394899,0.0297,4.208,3780.906
4.191474385233194,0.0278460002182099,4.090325477846211,0.0303,4.208,3786.359
4.191244422592318,0.0289108963132915,4.092479238906039,0.0297,4.208,3791.828
4.191357810340036,0.0253563705445037,4.123719111327625,0.0297,4.208,3797.281
4.191320247745682,0.030803757526278,4.207586494193848,0.0303,4.208,3802.734
4.191417613266825,0.0274051453761363,4.285874965064321,0.0303,4.208,3808.203
4.191430514015699,0.028346930689417,4.3461555088086135,0.0297,4.208,3813.656
4.191367668175581,0.0284058835693172,4.363088284893912,0.0297,4.208,3819.109
4.191514149340916,0.0291741422345625,4.391044282878501,0.0297,4.208,3824.578
4.191611800438407,0.0276988017125948,4.435296847627205,0.0297,4.208,3830.031
4.187868438383743,0.0102354098499264,4.485055781616122,0.0125,4.195,3835.5
4.16068328290206,-0.0040776991959054,4.54066867487724,0.0001,-0.01,3840.906
4.172319626248604,-0.0028178447262917,4.598892152377835,0.0001,-0.01,3846.234
4.174425382151393,-0.0028364854968933,4.607939337627131,0.0001,-0.01,3851.625
4.175594631285858,-0.0015769230553728,4.605195509269225,0.0001,-0.01,3857.015
4.176401511175477,-0.0008787814266608,4.626176170791775,0.0001,-0.01,3862.437
4.176744363568643,-0.0012385603350629,4.650460384574365,0.0001,-0.01,3867.844
4.177090828787349,-0.0023693872834219,4.684390878437754,0.0001,-0.01,3873.25
4.177332517680593,-0.002543534004,4.714942399170807,0.0001,-0.01,3878.672
4.177793688133139,-0.0008858227857151,4.745878423205937,0.0001,-0.01,3884.078
4.177934285580121,0.0025823316472844,4.767696588049609,0.0001,-0.01,3889.484
4.178051207355614,-0.0023707222940371,4.765230021258833,0.0001,-0.01,3894.906
4.17809490759256,-0.0040848216721153,4.796842852376978,0.0001,-0.01,3900.312
4.178106549064831,-0.0015791706273663,4.832993468568227,0.0001,-0.01,3905.719
4.178424539810878,-0.0050232668957248,4.836127500053497,0.0001,-0.01,3911.14
4.178447461497904,-0.0016259965732974,4.846135599317558,0.0001,-0.01,3916.547
4.178476730122212,6.044635148223919e-05,4.870733699892945,0.0001,-0.01,3921.953
4.178569217414354,-0.0054051001906747,4.901546386327608,0.0001,-0.01,3927.375
4.178506400309771,-0.0051414496162684,4.879854978081653,0.0001,-0.01,3932.781
4.178540527312583,-6.909778031800004e-05,4.91223314957779,0.0001,-0.01,3938.187
4.1786518393958,0.0036493946309885,4.910941107315301,0.0001,-0.01,3943.609
4.17865270678302,0.0010773099490624,4.947982684326348,0.0001,-0.01,3949.015
4.178828483138588,-0.0006705077586554,4.970045302365584,0.0001,-0.01,3954.437
4.178943554698656,-0.0009882020944293,4.974878909212738,0.0001,-0.01,3959.844
4.178795472752745,0.0008792467972525,5.011820939960303,0.0001,-0.01,3965.25
4.178790995324268,0.000253838230537,5.028284880795628,0.0001,-0.01,3970.672
4.178912054268912,0.0002320951239408,5.0307265362653535,0.0001,-0.01,3976.078
4.179006676868172,-0.0006929325665056,5.0436858589897104,0.0001,-0.01,3981.484
4.178815477858467,-0.0017909579258135,5.0485622719091765,0.0001,-0.01,3986.875
4.179066467053144,-0.0026982959318994,5.062998915998685,0.0001,-0.01,3992.281
4.178901177631449,-0.0028388151994425,5.0851282510165055,0.0001,-0.01,3997.687
4.178899453995077,-0.0031367919786127,5.123918827217825,0.0001,-0.01,4003.015
4.178787370342639,-0.0034547904341613,5.141651806671847,0.0001,-0.01,4008.406
4.178942047954833,-0.001031536348691,5.140860893347124,0.0001,-0.01,4013.812
4.178973264553252,-0.0023913681106328,5.146415060918721,0.0001,-0.01,4019.203
4.179024868809478,-0.0033232217823547,5.130521747251224,0.0001,-0.01,4024.609
4.178786651619574,-0.0011488312742703,5.141827239243859,0.0001,-0.01,4030.015
4.178881573195344,-0.0020919848118148,5.163775746810943,0.0001,-0.01,4035.344
4.178799597861604,-0.0044381120226897,5.200205908416788,0.0001,-0.01,4040.734
4.178926816686845,-0.0016139755905039,5.210962053789915,0.0001,-0.01,4046.125
4.178859390053451,-0.0006705162522585,5.238536522044707,0.0001,-0.01,4051.515
4.1792743562637,-0.0036331574766151,5.246247266635511,0.0001,-0.01,4056.922
4.1787636251183775,-0.0001388918109193,5.249281192231746,0.0001,-0.01,4062.312
4.178955739985031,0.0020665400620998,5.255199589076963,0.0001,-0.01,4067.64
4.17894634364241,-0.001046997163691,5.254483933593502,0.0001,-0.01,4073.015
4.178927558698124,-0.0024215906455885,5.266662475751583,0.0001,-0.01,4078.422
4.1788443830098245,-0.0008779268815675,5.314883631186986,0.0001,-0.01,4083.812
4.178903542297367,-0.0028064047921088,5.342330917564203,0.0001,-0.01,4089.219
4.17864778098043,-0.0057370589466631,5.342410183474887,0.0001,-0.01,4094.609
4.178900969260026,-0.0023222681263802,5.328221720049519,0.0001,-0.01,4099.937
4.178652927480836,-0.0025627586444566,5.354956199771936,0.0001,-0.01,4105.328
4.178903987109583,-0.0006858527212383,5.355118918409985,0.0001,-0.01,4110.719
4.178743527551859,-0.0018174073757975,5.38228325872428,0.0001,-0.01,4116.109
4.178561154088368,0.0015531266789931,5.382746769423047,0.0001,-0.01,4121.515
4.17890371793569,0.0018069851121729,5.383495506324293,0.0001,-0.01,4126.906
4.178842302927557,-0.0020282177683062,5.412734042221331,0.0001,-0.01,4132.234
4.178788341659342,-0.0059812949868295,5.418941152474485,0.0001,-0.01,4137.625
4.178838804327119,-0.003398265516348,5.427058310306726,0.0001,-0.01,4143.031
4.178682344102935,0.0015855756783301,5.433242037447777,0.0001,-0.01,4148.422
4.178755501142206,-0.0050364203356574,5.432677793874818,0.0001,-0.01,4153.828
4.178663846883199,4.700352114652314e-05,5.4454393921270565,0.0001,-0.01,4159.219
4.178644278044382,-0.0019263905489483,5.482249976394266,0.0001,-0.01,4164.547
4.178865284803119,-0.0077246111700044,5.501781266076388,0.0001,-0.01,4169.937
4.178714330199493,0.0008252396413851,5.520456526015605,0.0001,-0.01,4175.344
4.1784111619722974,-0.0031883081425462,5.524432681925982,0.0001,-0.01,4180.734
4.178568708929926,-0.003130693319167,5.509228736625843,0.0001,-0.01,4186.14
4.178649420193834,0.0015380557033658,5.48268552525485,0.0001,-0.01,4191.531
4.178626342122124,-0.0014653924767706,5.490373365651307,0.0001,-0.01,4196.859
4.178600530799067,-0.0024084524311227,5.515625514498911,0.0001,-0.01,4202.25
4.178891802204441,-0.0011236495009355,5.560880514842517,0.0001,-0.01,4207.64
4.178770037914636,-0.0004216460026749,5.582887554158342,0.0001,-0.01,4213.047
4.178679945732846,-0.0052444883111124,5.590128669285943,0.0001,-0.01,4218.453
4.178594477360362,0.0009698731686796,5.591189547346545,0.0001,-0.01,4223.844
4.178535143838097,-0.0013107090184582,5.582843954848943,0.0001,-0.01,4229.172
4.178375695289611,-0.0020770144682927,5.591495821801331,0.0001,-0.01,4234.562
4.178576165775515,-0.0020400745474102,5.620733096250735,0.0001,-0.01,4239.953
4.178521942450886,-0.0014173020093119,5.631059161759475,0.0001,-0.01,4245.39
4.178479643663232,-0.0016028554766784,5.625932404016556,0.0001,-0.01,4250.797
4.178450020758635,1.5057349561739775e-05,5.609770945632514,0.0001,-0.01,4256.203
4.1783007593207735,-0.00117534511121,5.623936964221613,0.0001,-0.01,4261.625
4.178428177327144,-0.0004757068848696,5.645080506951097,0.0001,-0.01,4267.031
4.1783883596625495,-0.0006969571214551,5.668896264707744,0.0001,-0.01,4272.437
4.178368365945257,-0.0034991268037401,5.666863874939913,0.0001,-0.01,4277.859
4.178325940214061,-0.0031246479253461,5.6626356622836775,0.0001,-0.01,4283.265
4.178415445849386,-0.0027023018124058,5.687715597598564,0.0001,-0.01,4288.672
4.178357866392648,0.0003761005918781,5.710524132472667,0.0001,-0.01,4294.094
4.17836437901862,-0.0022651641342442,5.72714297485376,0.0001,-0.01,4299.5
4.17840549233115,0.0009974607268914,5.734037307390719,0.0001,-0.01,4304.906
4.178226536248796,-0.0011244827618896,5.730445529921636,0.0001,-0.01,4310.328
4.178311756150452,-0.0031004931877126,5.7137436735936245,0.0001,-0.01,4315.734
4.178156787548962,-0.000822420438586,5.702155247058989,0.0001,-0.01,4321.125
4.178500346014997,-0.0018597376828535,5.731186913904387,0.0001,-0.01,4326.547
4.178329386982971,-0.0021028451811619,5.755693774128724,0.0001,-0.01,4331.969
4.178289144316492,-0.0008333369318417,5.7764433172538885,0.0001,-0.01,4337.375
4.178206861464526,-0.0011523635162584,5.7760986345650585,0.0001,-0.01,4342.797
4.178162342015034,-0.0009084833544803,5.760522650772639,0.0001,-0.01,4348.203
4.1784836933754015,-0.0067953763129552,5.775445743251119,0.0001,-0.01,4353.625
4.178230893622063,-0.003402800861951,5.773295741442191,0.0001,-0.01,4359.047
4.178238402373522,-0.0014218573510704,5.8096828958067945,0.0001,-0.01,4364.437
4.178139511152739,-0.0018644107663472,5.833528527339529,0.0001,-0.01,4369.859
4.178125375107026,-0.0023303695873093,5.829393718573419,0.0001,-0.01,4375.265
4.178142542351811,-0.003652572950132,5.81531495096878,0.0001,-0.01,4380.672
4.17815226076283,-0.0030777093676194,5.823823098706667,0.0001,-0.01,4386.094
4.178182600776935,-0.0001627494283771,5.850171631507148,0.0001,-0.01,4391.5
4.178050620409131,-0.0018692508569651,5.836690283596278,0.0001,-0.01,4397.094
4.178193981615773,-0.0003155317870139,5.851425543599936,0.0001,-0.01,4402.422
4.178066292199542,-0.002437982915077,5.8625320546323305,0.0001,-0.01,4407.812
4.178422452696393,-0.0033161866074715,5.880735347093774,0.0001,-0.01,4413.219
4.178173354001558,0.0012984606448235,5.892130152761478,0.0001,-0.01,4418.609
4.178133420399549,-0.0022747564799995,5.876604062659508,0.0001,-0.01,4424.015
4.178063184486146,-0.0015394545722998,5.8748403996232,0.0001,-0.01,4429.406
4.178056248798314,-0.0001126221151024,5.876466380855605,0.0001,-0.01,4434.75
4.17792921610472,-0.0021001856305661,5.903309475388308,0.0001,-0.01,4440.14
4.177868572421512,-0.001593275901814,5.931381344715035,0.0001,-0.01,4445.531
4.17801288581947,-0.002520301964002,5.93265955507501,0.0001,-0.01,4450.953
4.1777203876982485,0.000135498444997,5.9152563166128616,0.0001,-0.01,4456.359
4.17797152138666,-0.0018453554122903,5.915518712106633,0.0001,-0.01,4461.765
4.1779478168521385,-0.0044802611960994,5.9236126907931,0.0001,-0.01,4467.156
4.177880045670119,-0.0011270706636747,5.925769947243465,0.0001,-0.01,4472.578
4.177892798454299,-0.0002782709626503,5.938205678704233,0.0001,-0.01,4477.969
4.178035459847027,-0.0014943378183846,5.966567492129727,0.0001,-0.01,4483.297
4.177900287048865,4.8736062457565686e-05,5.960662641456588,0.0001,-0.01,4488.687
4.177967183957055,-0.0010822294127123,5.965584150805015,0.0001,-0.01,4494.078
4.178023656741515,-0.0016418893302781,5.971181861397576,0.0001,-0.01,4499.484
4.177827064562519,-0.0028307914343935,5.969334244886763,0.0001,-0.01,4504.89
4.177877537072274,-0.0006537070519373,5.96588765554788,0.0001,-0.01,4510.281
4.177904247042609,-0.000657089552045,5.972238145988862,0.0001,-0.01,4515.609
4.177835125411127,-0.001150071245395,5.972610634308518,0.0001,-0.01,4521.0
4.177967787516333,0.0004428843848013,5.985692674083674,0.0001,-0.01,4526.39
4.17777764758116,-0.0002090341343757,6.022075412014029,0.0001,-0.01,4531.812
4.1779380406565645,0.0002348224722011,6.03051950522487,0.0001,-0.01,4537.219
4.177756643683325,-0.0028608228343097,6.027249255021525,0.0001,-0.01,4542.625
4.177770664646016,-0.0019441983533002,6.023735126103784,0.0001,-0.01,4548.015
4.177762035917927,-0.0005579345844685,6.033497540576593,0.0001,-0.01,4553.422
4.177758600857239,-0.0025077025946192,6.038186084955073,0.0001,-0.01,4558.828
4.177655953141579,0.0006057520001185,6.04378074413283,0.0001,-0.01,4564.156
4.177653006784568,-0.0020245463521413,6.0521544562604745,0.0001,-0.01,4569.531
4.17785377249577,-0.0034455807525932,6.048081511784477,0.0001,-0.01,4574.937
4.177801743370218,-0.0032667252639769,6.05348531074944,0.0001,-0.01,4580.375
4.177625281067205,0.0004982296232662,6.05797098044016,0.0001,-0.01,4585.781
4.177737374004973,0.0002851322966078,6.060461115928601,0.0001,-0.01,4591.187
4.177798647463479,-0.0002992212070509,6.06518304806618,0.0001,-0.01,4596.609
4.177720253312864,-0.0037797394047705,6.073397888176122,0.0001,-0.01,4602.015
4.177694710942795,-0.0009128323069853,6.08378966410425,0.0001,-0.01,4607.422
4.177813980474058,-0.0007665528363354,6.0890366765566,0.0001,-0.01,4612.844
4.177742313257527,-0.0015798844647157,6.09585168417011,0.0001,-0.01,4618.25
4.177550393197543,0.0008098093979423,6.101519644141746,0.0001,-0.01,4623.672
4.177403140775221,-0.0005385231946455,6.107693245412983,0.0001,-0.01,4629.078
4.177560786038064,-0.0015605418210429,6.1102249162458975,0.0001,-0.01,4634.484
4.17783768266975,-0.0012381525039423,6.115395866380385,0.0001,-0.01,4639.89
4.177898226521273,-0.0023254843061266,6.121745609305062,0.0001,-0.01,4645.328
4.177389346271239,-0.0007983155789278,6.1275872936082925,0.0001,-0.01,4650.734
4.177439349309945,-0.0011176820690321,6.136376266777509,0.0001,-0.01,4656.14
4.177576209923501,-0.0007855800636547,6.139445178476574,0.0001,-0.01,4661.578
4.17761157455656,-0.0008242585251034,6.147425963561492,0.0001,-0.01,4666.984
4.177662299005494,-0.001223940076497,6.146611419800338,0.0001,-0.01,4672.39
4.177627397260776,-0.0005437962521606,6.153222217369684,0.0001,-0.01,4677.797
4.177604383822448,-0.0025336976815063,6.155030167795747,0.0001,-0.01,4683.203
4.177347992292284,-0.0028190661157806,6.159273697963445,0.0001,-0.01,4688.64
4.177448083020448,0.0006214572788282,6.159864274012512,0.0001,-0.01,4694.047
4.17752594888687,-0.0002353772747757,6.170010470245578,0.0001,-0.01,4699.453
4.177568017569519,-0.0029466956069748,6.181140251577015,0.0001,-0.01,4704.875
4.17747703924682,-0.0023671393514837,6.192479025013517,0.0001,-0.01,4710.297
4.177576099985862,-0.0025748139402203,6.196588270202591,0.0001,-0.01,4715.703
4.177330544515987,-0.0009718849322377,6.199803696507868,0.0001,-0.01,4721.094
4.177479512541617,-0.0034560957945639,6.208527783378496,0.0001,-0.01,4726.515
4.177528763435921,-0.0008771740680925,6.216555091384124,0.0001,-0.01,4731.922
4.177376735920278,-0.0024444347109778,6.224375103718899,0.0001,-0.01,4737.25
4.177551279612749,-0.0030555260939012,6.228910589933824,0.0001,-0.01,4742.64
4.17743454207132,-0.004001265094679,6.237101065247354,0.0001,-0.01,4748.031
4.177228393867396,-0.0014898935370551,6.243177126881104,0.0001,-0.01,4753.453
4.177443702000935,-0.0050372625758387,6.245500249155957,0.0001,-0.01,4758.859
4.177225470818298,-0.0011811688210154,6.261309666892698,0.0001,-0.01,4764.265
4.177335798954879,-0.0009289651365892,6.264743375222035,0.0001,-0.01,4769.687
4.177082792352438,-0.0006006212882787,6.275688561768535,0.0001,-0.01,4775.109
4.177221586166993,-0.0013193966583018,6.267664238887697,0.0001,-0.01,4780.515
4.177209983083075,-0.0039701386828461,6.286049776429634,0.0001,-0.01,4785.937
4.177286180193401,-0.0012682641149181,6.295449532352075,0.0001,-0.01,4791.344
4.177382141394566,-0.0010737895036197,6.298056576926995,0.0001,-0.01,4796.75
4.177171411568692,-0.0021067845319565,6.2969881370892375,0.0001,-0.01,4802.172
4.177549006801664,-0.0014468162938149,6.306646485905692,0.0001,-0.01,4807.578
4.177308933356398,-0.0029019094732677,6.312558109206634,0.0001,-0.01,4812.984
4.177287305050926,0.0031788295910918,6.31842026012401,0.0001,-0.01,4818.406
4.177439006043971,-0.0030217584054159,6.32340272734733,0.0001,-0.01,4823.828
4.177181530798481,-0.0019390608810437,6.334709354805828,0.0001,-0.01,4829.234
4.177309629764198,-0.0010780774578035,6.33872618226635,0.0001,-0.01,4834.656
4.177297165153844,-0.0001006088150483,6.351151956547691,0.0001,-0.01,4840.062
4.177205114899223,-0.0031921302282849,6.350443982309192,0.0001,-0.01,4845.469
4.177308262695926,-0.0021370788069228,6.356288382622638,0.0001,-0.01,4850.89
4.177295850984017,-0.0057498487867255,6.369874815531322,0.0001,-0.01,4856.297
4.177094861546984,-0.0009997610749544,6.37590156303702,0.0001,-0.01,4861.703
4.177010352420136,-0.0006343398578893,6.374885556356436,0.0001,-0.01,4867.14
4.177204451281722,-0.0009690546327091,6.381082064905667,0.0001,-0.01,4872.547
4.177318950954079,-0.0039373947562652,6.389216697831037,0.0001,-0.01,4877.953
4.177534224956039,-0.0042895733344,6.392728860545634,0.0001,-0.01,4883.375
4.177071581500527,0.0013485593692513,6.39482173228455,0.0001,-0.01,4888.797
4.17711730916802,-0.003824004903005,6.406369747892096,0.0001,-0.01,4894.203
4.1770188652046265,-0.0020503537769702,6.417498393054071,0.0001,-0.01,4899.625
4.177226344733419,-0.0028655965683104,6.419600902801052,0.0001,-0.01,4905.031
4.177011025953254,0.0032131409058408,6.420052553807245,0.0001,-0.01,4910.437
4.177036156694712,-0.0053088372428309,6.435668094695699,0.0001,-0.01,4915.875
4.177197349646994,0.0031437467070519,6.428735930052701,0.0001,-0.01,4921.281
4.176918767077331,3.9053833205725376e-05,6.444921219759178,0.0001,-0.01,4926.687
4.177005655922455,-0.0025112116566637,6.445646695639573,0.0001,-0.01,4932.109
4.176916806169432,0.0001937441186837,6.438880588082604,0.0001,-0.01,4937.531
4.17705753783627,-0.0035417435002108,6.427618138106523,0.0001,-0.01,4942.937
4.177104486002816,-0.0038125734315794,6.39430754861895,0.0001,-0.01,4948.359
4.1768092898181495,0.0008220928431523,6.232083722344761,0.0001,-0.01,4953.781
4.177108905665282,-0.0017953486598316,5.986838921444459,0.0001,-0.01,4959.187
4.176936708193475,-0.0034177886327259,5.72685896300782,0.0001,-0.01,4964.609
4.177321418424773,-0.0035683979182683,5.505698510294274,0.0001,-0.01,4970.015
4.177073739534822,-0.001236934309443,5.391195210689251,0.0001,-0.01,4975.453
4.176994683608331,-0.0002890814241438,5.335810635794482,0.0001,-0.01,4980.875
4.177095270969048,6.520533552641737e-05,5.227255507728574,0.0001,-0.01,4986.281
4.177382912804832,-0.0001466240469562,5.137713048740207,0.0001,-0.01,4991.687
4.177027047848725,-0.0032111852561292,5.036940922381815,0.0001,-0.01,4997.109
4.17721532515411,-0.00315679635638,4.902429311054149,0.0001,-0.01,5002.515
4.177345705065141,-0.0055916429363776,4.859237325106051,0.0001,-0.01,5007.906
4.177230546085529,-0.0038743916602899,4.818563377554427,0.0001,-0.01,5013.312
4.177140202126746,-0.0019124101952553,4.724148102075141,0.0001,-0.01,5018.703
4.176963612227383,-0.0025743468846739,4.640911848346208,0.0001,-0.01,5024.031
4.177194087999676,-0.0029602988711572,4.605825577386344,0.0001,-0.01,5029.422
4.177239088954913,-0.0007244638320862,4.496948049657622,0.0001,-0.01,5034.828
4.177202641554081,-0.0024349159008995,4.442298651509687,0.0001,-0.01,5040.219
4.177171515374431,-0.0043444875505808,4.397855995951903,0.0001,-0.01,5045.625
4.17709535540002,-0.0033065086380219,4.338171889282691,0.0001,-0.01,5051.015
4.177189922264695,-0.0015053899541067,4.266503922164449,0.0001,-0.01,5056.359
4.177170209116209,-0.003814707858869,4.221090614913853,0.0001,-0.01,5061.734
4.177186221313546,-0.001610799496659,4.175451165698011,0.0001,-0.01,5067.125
4.177282034468151,-0.0028653261015583,4.127968274002097,0.0001,-0.01,5072.531
4.177201197967122,-0.0014699386882237,4.073921528218599,0.0001,-0.01,5077.937
4.177159122686102,-0.0035457348707076,3.9937161883054215,0.0001,-0.01,5083.328
4.177139150918586,1.0654630858952854e-05,3.98687802976128,0.0001,-0.01,5088.656
4.177260181834007,0.0001418372990828,3.961175607707097,0.0001,-0.01,5094.047
4.177245209844554,-0.002414396468736,3.923679350704933,0.0001,-0.01,5099.437
4.177082214786208,0.0003467496757831,3.8537689655219127,0.0001,-0.01,5104.844
4.177319883344224,-0.0054658949212827,3.7835210297242905,0.0001,-0.01,5110.25
4.177139245426112,-0.0005078794737492,3.7242346890356273,0.0001,-0.01,5115.64
4.177225112209535,0.0006468418979405,3.697344675806865,0.0001,-0.01,5120.969
4.177191766491048,-0.0035981595407723,3.654235930737301,0.0001,-0.01,5126.359
4.177104136731539,-0.0039326420191371,3.603364610166256,0.0001,-0.01,5131.765
4.177277621012568,-0.0018448427494528,3.6126605270980696,0.0001,-0.01,5137.156
4.177201987066043,-0.0034073965808256,3.715423059457769,0.0001,-0.01,5142.562
4.177421291171459,-0.0021885344458208,3.895543146904239,0.0001,-0.01,5147.969
4.17734430222986,-0.0009780692163829,4.0875180180730375,0.0001,-0.01,5153.297
4.177350230478452,-0.0038546120528221,4.187778033721292,0.0001,-0.01,5158.687
4.177454166668106,-0.000371589804098,4.228170587871809,0.0001,-0.01,5164.078
4.1772719728047285,-0.0010216367201018,4.25582578833501,0.0001,-0.01,5169.469
4.177439399596521,-0.001201948802575,4.276995593988582,0.0001,-0.01,5174.875
4.177435958261527,-0.004284017017771,4.329727972309368,0.0001,-0.01,5180.281
4.177529318137893,-0.0030353407239499,4.380949979317419,0.0001,-0.01,5185.609
4.177290991842511,-0.0058159773299757,4.431795211869746,0.0001,-0.01,5191.0
4.177099789687122,-0.0026222587905987,4.444785986784937,0.0001,-0.01,5196.39
4.177321541047776,0.0002455537130205,4.479999413922043,0.0001,-0.01,5201.812
4.17744422077797,-0.0017873664832736,4.552523584239166,0.0001,-0.01,5207.219
4.177429220141383,-0.0053374239734069,4.608739439223347,0.0001,-0.01,5212.625
4.1771622233659285,-0.0031559171719656,4.628244111384855,0.0001,-0.01,5218.015
4.177303186955063,0.0027198056370475,4.659065464514645,0.0001,-0.01,5223.422
4.177089804296903,0.0003009311781842,4.69729334587517,0.0001,-0.01,5228.828
4.176997983370611,8.300498378155572e-05,4.719247330769574,0.0001,-0.01,5234.156
4.176568992877666,-0.0037730268433146,4.727456650782771,0.0001,-0.01,5239.531
4.177059192167104,-0.000831874981442,4.74096285804613,0.0001,-0.01,5244.937
4.177247009482503,-0.0025049219142461,4.777566291004088,0.0001,-0.01,5250.375
4.177234592362223,-0.0037416671594769,4.789631342299631,0.0001,-0.01,5255.781
4.17728377000455,-0.0028388259971542,4.803583159344922,0.0001,-0.01,5261.187
4.177079304076632,0.0047874081469827,4.8109405087191135,0.0001,-0.01,5266.844
4.177069270807118,-0.004009215173514,4.85563914842994,0.0001,-0.01,5272.265
4.176892447732837,-0.0016409918805877,4.861481397414044,0.0001,-0.01,5277.703
4.177351482259133,-0.0021805597871461,4.873664449731525,0.0001,-0.01,5283.125
4.177178944819354,-0.0024949615239174,4.895488759084246,0.0001,-0.01,5288.578
4.177270629989772,-0.0026839591815274,4.923366756836598,0.0001,-0.01,5294.0
4.177171976021362,-0.0046540618469097,4.931819184787852,0.0001,-0.01,5299.437
4.177225423851147,0.0012014268611586,4.929807062684983,0.0001,-0.01,5304.875
4.177097676232035,-0.0015312906215128,4.936657093940204,0.0001,-0.01,5310.312
4.177148076766422,8.735692275288197e-05,4.980952853797918,0.0001,-0.01,5315.75
4.177084548334096,-0.0019439038169161,5.013640661669618,0.0001,-0.01,5321.172
4.177337248278648,-0.001211692755452,5.022706393515067,0.0001,-0.01,5326.594
4.1770229661698846,-0.001921327592123,5.020847870817758,0.0001,-0.01,5332.015
4.177294560879048,-0.0046348813593422,5.04332612662913,0.0001,-0.01,5337.453
4.177069747069624,-0.0014620198340503,5.061355301027037,0.0001,-0.01,5342.906
4.177216815411425,-0.0057058307510835,5.066869837705752,0.0001,-0.01,5348.328
4.177115182206443,0.0032815588100583,5.101181779843343,0.0001,-0.01,5353.75
4.177051064305241,-0.0004569845466172,5.111799248551697,0.0001,-0.01,5359.187
4.177369229233324,0.0011152283087903,5.1145759538803,0.0001,-0.01,5364.609
4.1771924318631015,-0.002002906140266,5.111368135331878,0.0001,-0.01,5370.031
4.177070310331747,-0.0016167393261778,5.134602908549109,0.0001,-0.01,5375.453
4.177048640347902,0.0012203953471294,5.153564158616594,0.0001,-0.01,5380.859
4.177081977652931,-0.0003747032247157,5.168310651702219,0.0001,-0.01,5386.281
4.176927388479283,-0.0028971550151166,5.1804818725934485,0.0001,-0.01,5391.687
4.177036950403177,-0.0009259477853842,5.180552983469644,0.0001,-0.01,5397.125
4.176851206209965,-0.0003550296735522,5.198699123487023,0.0001,-0.01,5402.531
4.177130685099899,-0.0024920105302508,5.22968905432914,0.0001,-0.01,5407.953
4.17674218651927,-0.0030717454879179,5.2452905524157,0.0001,-0.01,5413.375
4.176935869337323,-0.0033995420488859,5.274508429585215,0.0001,-0.01,5418.797
4.176784131746997,-0.0013244789926825,5.271315119903845,0.0001,-0.01,5424.203
4.1769439680073495,-0.0004845391184518,5.270390624244455,0.0001,-0.01,5429.625
4.176887866159725,-0.0025757199571592,5.267616517856346,0.0001,-0.01,5435.047
4.1770997071710205,-0.0039429056119068,5.2679119574974935,0.0001,-0.01,5440.453
4.177126362868066,-0.0010511231487161,5.298718672468016,0.0001,-0.01,5445.859
4.176973723106779,-0.0017755263809102,5.340834806872435,0.0001,-0.01,5451.281
4.17683993709339,-0.0044102423427319,5.359799957357358,0.0001,-0.01,5456.687
4.176917365392864,0.000772916990202,5.3491240403612,0.0001,-0.01,5462.109
4.177152975993937,-0.0024398090260368,5.363775999677165,0.0001,-0.01,5467.515
4.176853436342632,-8.962395980702865e-05,5.372509594434926,0.0001,-0.01,5472.937
4.176889863638973,-0.0026979744677084,5.37273502795273,0.0001,-0.01,5478.344
4.1767640774897385,-0.0005784978139974,5.406786105101047,0.0001,-0.01,5483.765
4.176927469979305,-0.0010769366930077,5.414644117103037,0.0001,-0.01,5489.172
4.177023928279334,-0.0018266086058705,5.413852215637574,0.0001,-0.01,5494.578
4.176664617082225,-0.0028711405980555,5.406285151779838,0.0001,-0.01,5500.0
4.176931238188998,-0.0009534305978122,5.423089788432653,0.0001,-0.01,5505.328
4.176660119330604,-0.0007409726585281,5.453026466797818,0.0001,-0.01,5510.719
4.176877393912596,0.0040831633131804,5.462290534349079,0.0001,-0.01,5516.125
4.176800431799304,-0.001641281431005,5.462946834876799,0.0001,-0.01,5521.562
4.17690999032917,-0.0029509242059122,5.4760273274822735,0.0001,-0.01,5526.969
4.176725971324636,-0.0050957619263408,5.481998219400018,0.0001,-0.01,5532.375
4.1767847208811855,-0.0008347661764232,5.489668063224039,0.0001,-0.01,5537.797
4.176724018623271,-0.0007335874732079,5.500652464877913,0.0001,-0.01,5543.219
4.176707047686407,-0.0041943969661353,5.512133822824639,0.0001,-0.01,5548.625
4.176651197063975,-3.961455092618906e-06,5.523548043881571,0.0001,-0.01,5554.047
4.17703613585093,-0.0004107128438845,5.536237191896256,0.0001,-0.01,5559.453
4.176962826641178,-0.0027443533748306,5.543905770261676,0.0001,-0.01,5564.859
4.176702720934504,-0.0039853763155433,5.557901646459554,0.0001,-0.01,5570.297
4.176780021795343,-0.0011900557884379,5.568439752312517,0.0001,-0.01,5575.703
4.17671134369928,0.003401765533867,5.585815509070286,0.0001,-0.01,5581.125
4.176550610129121,-0.001403194184958,5.59256042122917,0.0001,-0.01,5586.547
4.176653199987848,0.0015078228996033,5.591643052153098,0.0001,-0.01,5591.953
4.176708117155963,-0.0025788889823717,5.5744803245255765,0.0001,-0.01,5597.359
4.176573443184606,-0.0012997394045307,5.586616534491618,0.0001,-0.01,5602.797
4.176706285469007,-0.0018674862270944,5.604822952709709,0.0001,-0.01,5608.203
4.176775739262276,0.000354538621269,5.621840489071859,0.0001,-0.01,5613.609
4.176663445119766,0.0043370455182274,5.626918021549637,0.0001,-0.01,5619.031
4.17663948321902,-0.0032097394343145,5.620514240662077,0.0001,-0.01,5624.453
4.176536831323304,0.0016753340803983,5.643772561058979,0.0001,-0.01,5629.89
4.176565377839649,0.0049619527726782,5.662427224642354,0.0001,-0.01,5635.297
4.176646076139387,-0.0039097568795751,5.684895114174906,0.0001,-0.01,5640.703
4.176883016849714,-0.0071157173473981,5.690088699016118,0.0001,-0.01,5646.14
4.176931171541882,-0.0029332431104703,5.69676363507812,0.0001,-0.01,5651.531
4.176416917397925,2.931441626907301e-05,5.684078418975292,0.0001,-0.01,5656.953
4.176848046783234,-0.0009442078705356,5.666289730598186,0.0001,-0.01,5662.344
4.176746955012517,-7.907210994486302e-05,5.695269068090012,0.0001,-0.01,5667.765
4.176703340610504,6.878911356620486e-05,5.712601532462002,0.0001,-0.01,5673.172
4.176757893925241,-0.0056459233561466,5.733459835486217,0.0001,-0.01,5678.5
4.176740703578364,-0.0046941986030199,5.749192205194604,0.0001,-0.01,5683.875
4.176711291926142,-0.0005689730559013,5.7467728679924885,0.0001,-0.01,5689.281
4.176653390444601,-0.0022973061218595,5.727207529258397,0.0001,-0.01,5694.703
4.176606295091824,-0.0038556889486887,5.732954787135982,0.0001,-0.01,5700.109
4.176823576248156,-0.00247415356144,5.760440575995111,0.0001,-0.01,5705.531
4.176430520382506,0.0013291571338252,5.74639257861627,0.0001,-0.01,5710.953
4.176634436368177,-0.0035907222659729,5.748778099931936,0.0001,-0.01,5716.359
4.176356063800806,-0.0008036542266381,5.776576554313333,0.0001,-0.01,5721.781
4.17644995394008,-0.0030062851757838,5.768860424903566,0.0001,-0.01,5727.187
4.176577358177388,-0.0040110225985512,5.792038666251751,0.0001,-0.01,5732.594
4.176488354595608,-0.0019951090708275,5.787866960054723,0.0001,-0.01,5738.015
4.176558391759877,-0.0021651798757285,5.810208177482997,0.0001,-0.01,5743.437
4.176596929289654,-0.0070267642037523,5.819551455678953,0.0001,-0.01,5748.828
4.176444819464499,0.0007289207024857,5.813887005849052,0.0001,-0.01,5754.25
4.176391865378433,-0.0022118298144605,5.835755915049697,0.0001,-0.01,5759.656
4.17640738650573,-0.0011118974506778,5.843160037106406,0.0001,-0.01,5765.078
4.176606202803348,0.0009455866343613,5.846150609078875,0.0001,-0.01,5770.484
4.176389978192868,0.0022864702189695,5.837311966594116,0.0001,-0.01,5775.906
4.1765695984340505,-0.0033569710137691,5.837231912026188,0.0001,-0.01,5781.312
4.176746780469928,-0.0016125755977736,5.862904841801534,0.0001,-0.01,5786.719
4.176541265180721,-0.0075682793378716,5.869533937228374,0.0001,-0.01,5792.14
4.176487405895129,-0.0024445466465667,5.906578719424419,0.0001,-0.01,5797.547
4.176165784050041,-0.0003079225486921,5.8922839570558585,0.0001,-0.01,5802.953
4.176593450215179,-0.0040320404620252,5.893791440979848,0.0001,-0.01,5808.39
4.176254932582514,-0.0017913203634227,5.885792625195068,0.0001,-0.01,5813.797
4.176635752734102,-0.0023757343658926,5.889677334045862,0.0001,-0.01,5819.203
4.176194984352981,0.0009787055806156,5.889062023051358,0.0001,-0.01,5824.625
4.176362536372165,-0.0024639256661775,5.895695535373351,0.0001,-0.01,5830.031
4.176793914951134,-0.0019251672369611,5.930059170017213,0.0001,-0.01,5835.437
4.176344343322474,-0.0070220443653556,5.936398865343397,0.0001,-0.01,5840.859
4.176357180123618,-0.0017849065720182,5.930604240484129,0.0001,-0.01,5846.265
4.17599403920931,0.0002761457830189,5.936333822033651,0.0001,-0.01,5851.672
4.176225354286441,-0.0042520532502941,5.948841167998778,0.0001,-0.01,5857.094
4.176426967740513,0.0021914059476066,5.948888713038126,0.0001,-0.01,5862.5
4.176519618374967,-0.0028372195803182,5.954973238264321,0.0001,-0.01,5867.922
4.176359336293764,-0.0009353512222371,5.94916645557825,0.0001,-0.01,5873.344
4.176299334424702,-0.0044303971935604,5.954650926647361,0.0001,-0.01,5878.75
4.1763873652506565,-0.0026314763991242,5.970067166102909,0.0001,-0.01,5884.156
4.176342548044788,0.0002665231798971,6.007720600811514,0.0001,-0.01,5889.578
4.176328796909968,-0.0021564438188827,6.005073861532091,0.0001,-0.01,5894.984
4.176332314961854,-0.0024235956852803,6.003603186637313,0.0001,-0.01,5900.39
4.176172758456542,-0.0030852007062953,6.011007117839986,0.0001,-0.01,5905.812
4.176442809791112,0.0037278421799191,6.025886952693753,0.0001,-0.01,5911.219
4.176293690403209,0.0013493315905416,6.022680116383334,0.0001,-0.01,5916.656
4.176378602034856,-0.0003940545695179,6.026418222788522,0.0001,-0.01,5922.062
4.17629697937284,-0.0011992872124622,6.036230693932903,0.0001,-0.01,5927.469
4.176065229683561,-0.0023906918932048,6.028291563618057,0.0001,-0.01,5932.906
4.17623499848646,-0.0020542154900703,6.032245277799248,0.0001,-0.01,5938.312
4.176448100123215,-0.0014265390709111,6.050640930234019,0.0001,-0.01,5943.719
4.176156381869743,-0.0004913919367511,6.050600531722329,0.0001,-0.01,5949.109
4.176194638371579,-0.0026868312620053,6.059461560504609,0.0001,-0.01,5954.531
4.176241931376257,-0.0014922032300315,6.0639900003561165,0.0001,-0.01,5959.937
4.176253593255856,-0.0016824949850302,6.066412121353752,0.0001,-0.01,5965.281
4.176250995563892,-0.0014984431105717,6.076494123193124,0.0001,-0.01,5970.656
4.176317510205853,-0.0019190229368758,6.090708633400683,0.0001,-0.01,5976.062
4.1757842416394695,-0.0017310168433137,6.085218786276264,0.0001,-0.01,5981.469
4.1762048891947,-0.0019961561828803,6.103873460492998,0.0001,-0.01,5986.89
4.176234005231655,-0.0018634792104509,6.098779067443857,0.0001,-0.01,5992.297
4.176310947780709,-0.0021186550219431,6.10650129922598,0.0001,-0.01,5997.719
4.176286420388233,-0.0006335079618449,6.121022658757402,0.0001,-0.01,6003.125
4.176274616187943,-0.0020946037736947,6.127549987597188,0.0001,-0.01,6008.531
4.176079308007594,0.0007527933012608,6.132021810890802,0.0001,-0.01,6013.953
4.176191144424641,-0.0020320871947136,6.138496173187425,0.0001,-0.01,6019.359
4.176284327239603,-0.002802501337749,6.140330380544254,0.0001,-0.01,6024.765
4.176112356977223,-0.0013826450420136,6.14557664861385,0.0001,-0.01,6030.156
4.176254461452548,-0.0039914434580168,6.143166288085348,0.0001,-0.01,6035.562
4.176203507667574,-0.0005224637269983,6.15466098239499,0.0001,-0.01,6040.969
4.176274275127515,0.0005485095016818,6.153678269535549,0.0001,-0.01,6046.297
4.176155225141188,-0.0006698296510609,6.160034478167884,0.0001,-0.01,6051.687
4.176353473395912,-0.0020493624122617,6.173124464438248,0.0001,-0.01,6057.094
4.176276289684153,-0.0011578950176775,6.167031870094341,0.0001,-0.01,6062.484
4.1762069782318845,-0.0032409279757792,6.176232111128899,0.0001,-0.01,6067.906
4.176170676882263,-0.0006331174538224,6.195246511345312,0.0001,-0.01,6073.312
4.176054141940987,-0.0009295121071203,6.205459854439704,0.0001,-0.01,6078.719
4.1761398117031385,0.0010177572284262,6.2106283597679575,0.0001,-0.01,6084.125
4.176167058851365,-0.0006920146004777,6.210203767522485,0.0001,-0.01,6089.531
4.176081885511814,-0.0005510608504596,6.217576957509768,0.0001,-0.01,6094.953
4.176169223166714,-0.0011413911590528,6.230312539770381,0.0001,-0.01,6100.359
4.175961943961071,-0.0021461452465223,6.234109493265158,0.0001,-0.01,6105.765
4.1761493985468565,-0.0013237163157298,6.237997155799466,0.0001,-0.01,6111.187
4.176196331066679,-7.653972860812587e-05,6.248816637860058,0.0001,-0.01,6116.594
4.176209629054568,-0.0033606444848252,6.248374157183805,0.0001,-0.01,6122.0
4.176090266877014,-0.0008160639659311,6.265462174847995,0.0001,-0.01,6127.422
4.176300657395048,-0.0029143948209796,6.266771937458277,0.0001,-0.01,6132.828
4.176132943678773,-0.0008552858166819,6.273709994816003,0.0001,-0.01,6138.234
4.1759413381075845,-0.0022551642565286,6.2763018361368905,0.0001,-0.01,6143.656
4.176024231426202,-0.0005915897179378,6.28830784550872,0.0001,-0.01,6149.062
4.175869429192595,-0.0005922975117715,6.287271493818755,0.0001,-0.01,6154.469
4.176138863358847,-0.0030999013301974,6.295816052092055,0.0001,-0.01,6159.89
4.176247397036933,-0.0024453276379951,6.298860310532491,0.0001,-0.01,6165.297
4.176144032367565,-0.0015913478497809,6.304914035331896,0.0001,-0.01,6170.703
4.176079022403544,-0.0004688654241442,6.316930286676605,0.0001,-0.01,6176.125
4.175828121354447,0.0010436935326817,6.321405491146884,0.0001,-0.01,6181.531
4.176163168665847,-0.0032785521037316,6.31998448772489,0.0001,-0.01,6186.937
4.176101133624918,-0.0024865375942985,6.3269299300609685,0.0001,-0.01,6192.359
4.176119299098664,-0.0028974192410816,6.33015499864521,0.0001,-0.01,6197.781
4.1761520346979815,-0.002188339922595,6.339694190504482,0.0001,-0.01,6203.187
4.176025991865668,-0.001216249101839,6.3465454904705805,0.0001,-0.01,6208.609
4.175978653975258,-0.0015718270477264,6.346741878157893,0.0001,-0.01,6214.0
4.176116478270886,-0.002428213064792,6.360081733291112,0.0001,-0.01,6219.437
4.176075540485612,-0.0010852511964963,6.367845703021138,0.0001,-0.01,6224.844
4.175995385245996,-0.0021600409716907,6.376545894117155,0.0001,-0.01,6230.25
4.175994920273617,-0.0011826287844405,6.381347844767001,0.0001,-0.01,6235.687
4.175945152368307,0.0007505945948655,6.38366378415608,0.0001,-0.01,6241.094
4.175924255194777,-0.000399810103788,6.403287919261513,0.0001,-0.01,6246.484
4.176029337841033,-0.003250270321848,6.40751537065766,0.0001,-0.01,6251.89
4.176019311593748,0.0001743494116933,6.410562036899386,0.0001,-0.01,6257.297
4.175755481375297,-0.0030152965813443,6.419496302851249,0.0001,-0.01,6262.687
4.175978088735635,-0.000948681041296,6.425451881699018,0.0001,-0.01,6268.031
4.176077640534346,-0.0019981330485942,6.427951782803554,0.0001,-0.01,6273.422
4.175854267310614,-0.0019733853178931,6.434903042200331,0.0001,-0.01,6278.828
4.175892824081616,-0.0017631973033424,6.432156292062518,0.0001,-0.01,6284.234
4.175996287641235,-0.0011048039740671,6.421652571955852,0.0001,-0.01,6289.64
4.175984463770895,-0.0004982618987568,6.390341895351116,0.0001,-0.01,6295.047
4.176039792620801,-0.0004580265216601,6.258218610933453,0.0001,-0.01,6300.469
4.17596617849061,-0.0008588501902238,6.0011336427338025,0.0001,-0.01,6305.859
4.176134850045679,-0.003453688134709,5.744007021343589,0.0001,-0.01,6311.265
4.176168907937702,-0.0023461664560238,5.531189773206839,0.0001,-0.01,6316.687
4.175781794935324,0.0004233052270201,5.374763745496948,0.0001,-0.01,6322.094
4.176049770913841,-0.0014988884804247,5.287970891039957,0.0001,-0.01,6327.5
4.176169290487739,-0.0028448777552058,5.2049669512838,0.0001,-0.01,6332.922
4.1759563957227295,-0.0022032000176686,5.142858437198727,0.0001,-0.01,6338.328
4.175929979607476,-0.0026100290009867,5.057643984640381,0.0001,-0.01,6343.734
4.175916332889745,-0.0004224991385155,4.974954174897512,0.0001,-0.01,6349.156
4.176016095140834,0.0025610574656586,4.878724216120755,0.0001,-0.01,6354.562
4.175907317603788,-0.0015623075806608,4.82989140197986,0.0001,-0.01,6359.984
4.176110748114802,-0.0009143879744783,4.772266481961159,0.0001,-0.01,6365.39
4.176026332331066,-0.0030831181473021,4.689481430822648,0.0001,-0.01,6370.797
4.175663298853769,-0.0007675570779884,4.625139519235921,0.0001,-0.01,6376.203
4.176106621694892,-0.0054091109811431,4.537847719648154,0.0001,-0.01,6381.625
4.176019015465396,-0.0010292233812609,4.493851617125609,0.0001,-0.01,6387.031
4.175830705053983,-0.0028198875698167,4.416740186106738,0.0001,-0.01,6392.437
4.1761477414212935,-0.0002576255961276,4.380715124998702,0.0001,-0.01,6397.875
4.175961996493391,-0.0018923230174992,4.345413493511478,0.0001,-0.01,6403.281
4.176220884109827,-0.0021124339520753,4.2577396358787984,0.0001,-0.01,6408.687
4.17616605307479,-0.0028577456902305,4.182168758008485,0.0001,-0.01,6414.109
4.176361844243428,-0.0030139983931484,4.1459267608272725,0.0001,-0.01,6419.515
4.176136182444007,-0.0030465307693284,4.0733670646989735,0.0001,-0.01,6424.922
4.176236412848399,-0.0029150561345563,3.979973116680133,0.0001,-0.01,6430.344
4.176022735058769,0.0007986002585454,3.9212981559167535,0.0001,-0.01,6435.75
4.176135544825113,-0.001684139586535,3.926826584357957,0.0001,-0.01,6441.156
4.176010377093394,-0.0044708858721196,3.899754951577242,0.0001,-0.01,6446.578
4.176314128865772,-0.0011672005638919,3.805809589233738,0.0001,-0.01,6451.984
4.176137216119568,-0.00143644008679,3.759615294254664,0.0001,-0.01,6457.39
4.176358361522382,0.0011591395389588,3.729888008851572,0.0001,-0.01,6462.812
4.176242837086463,-0.0034873352113083,3.698282167793098,0.0001,-0.01,6468.219
4.176158681295792,0.0012035067401745,3.618286792865399,0.0001,-0.01,6473.625
4.176410558063198,0.0003525674890683,3.56293444799834,0.0001,-0.01,6479.047
4.176391951892594,-0.0043958520405881,3.661334591813932,0.0001,-0.01,6484.453
4.176443369919245,-0.0010994908753997,3.805611311609999,0.0001,-0.01,6489.859
4.176316281074824,-0.0024911549613056,3.9683313968727534,0.0001,-0.01,6495.281
4.176297168974799,-0.0027143329887351,4.0643146363361975,0.0001,-0.01,6500.687
4.176252100168684,-0.0029833934596801,4.108370148297545,0.0001,-0.01,6506.125
4.176273851294715,0.0001542340966206,4.156002042203858,0.0001,-0.01,6511.515
4.175935103749957,-0.0002719283462109,4.232955095176884,0.0001,-0.01,6516.922
4.176217303891824,-0.0011460839855345,4.309900179524746,0.0001,-0.01,6522.344
4.176338004639362,-0.0021552046503591,4.372962121249292,0.0001,-0.01,6527.75
4.176744377855494,-0.0028209487143231,4.417923324148171,0.0001,-0.01,6533.156
4.176440473214063,-0.0037573420340045,4.50004728924452,0.0001,-0.01,6538.578
4.176290353314667,-0.0035710587147076,4.562430655111762,0.0001,-0.01,6543.984
4.176634279911066,0.0022250476547589,4.597242098040253,0.0001,-0.01,6549.39
4.176216737234194,-0.0047961547707306,4.607464833695332,0.0001,-0.01,6554.812
4.17632185862157,-0.0068561571583762,4.625343925602671,0.0001,-0.01,6560.219
4.176100674460823,-0.0055991002895858,4.658981309726462,0.0001,-0.01,6565.625
4.176527055469111,-0.0013240895115675,4.699604691883197,0.0001,-0.01,6571.047
4.176512951823418,-0.0020341705049655,4.742736006936164,0.0001,-0.01,6576.453
4.1761920688641,-0.0005198429301282,4.751456075041599,0.0001,-0.01,6581.859
4.176229612361672,-0.0026655110873952,4.756865438281385,0.0001,-0.01,6587.25
4.176467056386168,0.0005357563171178,4.763869501800763,0.0001,-0.01,6592.672
4.176140808292385,5.438425057004463e-05,4.792999690192645,0.0001,-0.01,6598.078
4.176324902366397,-0.0021640215855386,4.816433421353647,0.0001,-0.01,6603.406
4.176109838307547,0.0013967804424732,4.824921666564904,0.0001,-0.01,6608.781
4.176380159324982,-0.0037564484964216,4.866452534141217,0.0001,-0.01,6614.187
4.176393343038415,-0.0009676760410259,4.894006173649792,0.0001,-0.01,6619.609
4.176172183371601,-0.001131627287938,4.901416145680637,0.0001,-0.01,6625.015
4.176168651007293,0.0006103579589228,4.933396195920146,0.0001,-0.01,6630.422
4.17619642576182,-0.004123447130712,4.944976785429308,0.0001,-0.01,6635.828
4.176562062724502,-0.008396344615658,4.952823931295584,0.0001,-0.01,6641.234
4.176113645043261,-0.0034648930257173,4.970745547044584,0.0001,-0.01,6646.656
4.175653028513061,-0.0017783857186947,4.979815173899687,0.0001,-0.01,6652.062
4.1759399256161975,-0.0017992305462676,5.010112039485341,0.0001,-0.01,6657.469
4.1762083708209365,-0.0035818565028749,5.016422050853743,0.0001,-0.01,6662.89
4.17617540509971,-0.0022180869563595,5.04456460294189,0.0001,-0.01,6668.281
4.176216803622137,-0.0028437873408686,5.037814839561022,0.0001,-0.01,6673.687
4.176145715820091,-0.0018316461465261,5.036308282703067,0.0001,-0.01,6679.094
4.176251563793556,-0.0040880462550279,5.058588050996725,0.0001,-0.01,6684.422
4.1762111843218985,-0.0053822163324755,5.08167443083978,0.0001,-0.01,6689.812
4.176130770956541,-0.0029159382591583,5.085555532112474,0.0001,-0.01,6695.219
4.176207028596743,0.0001914900538102,5.094652197353096,0.0001,-0.01,6700.625
4.175965133270738,-0.0010774755038906,5.1028065729765,0.0001,-0.01,6706.031
4.176239784216503,-0.0035390665281571,5.135796664531126,0.0001,-0.01,6711.437
4.176398581980749,-0.0014923493268617,5.173994122243623,0.0001,-0.01,6716.859
4.175998515996235,0.0045647746374964,5.203439571290232,0.0001,-0.01,6722.265
4.176004799529039,0.000240945629589,5.213710495822881,0.0001,-0.01,6727.672
4.176002874111519,0.0051926129993051,5.219438406310705,0.0001,-0.01,6733.078
4.1759340143615225,-0.0024892403842463,5.203379203992304,0.0001,-0.01,6738.484
4.1761223873232165,-0.0064059286562971,5.217447536577778,0.0001,-0.01,6743.89
4.176009296912447,-3.5728054022944986e-05,5.266587070658011,0.0001,-0.01,6749.234
4.176065165946125,-8.02342155065129e-05,5.272678469940164,0.0001,-0.01,6754.609
4.176372351369187,-0.0009219095899525,5.268812429809449,0.0001,-0.01,6760.015
4.176240068111946,-0.0017877451301747,5.246792483754123,0.0001,-0.01,6765.422
4.17626854199617,-0.0030898416983269,5.251079410194769,0.0001,-0.01,6770.828
4.176051291971847,-0.0011306728123898,5.283430357321999,0.0001,-0.01,6776.234
4.17608968910206,-0.0003047012823916,5.318691438236566,0.0001,-0.01,6781.656
4.175987651615534,0.0005019449231006,5.32556459632594,0.0001,-0.01,6787.062
4.176422165339639,-0.0065463748515965,5.325130581596596,0.0001,-0.01,6792.469
4.1760018678983,-0.0044995897625976,5.341958895832121,0.0001,-0.01,6797.89
4.176099964085646,-0.0044248839270453,5.350838544463769,0.0001,-0.01,6803.297
4.176249327890087,-0.0028167946367002,5.377567894455845,0.0001,-0.01,6808.703
4.176121670597031,-0.0038888938396599,5.384443949293346,0.0001,-0.01,6814.14
4.175917366031483,-0.0032070178584283,5.387961892523792,0.0001,-0.01,6819.547
4.176150071621643,-0.0029647150075502,5.4162617231468175,0.0001,-0.01,6824.969
4.175955707107367,-0.0023801491475905,5.417460399123887,0.0001,-0.01,6830.39
4.175805968264012,-0.0014383167519233,5.449067717066372,0.0001,-0.01,6835.797
4.176005999626887,-0.0015320421382155,5.44647436502562,0.0001,-0.01,6841.234
4.175947313645149,-0.0009422623762911,5.452545238549314,0.0001,-0.01,6846.625
4.176039482147192,-0.0038894947277078,5.447822490351044,0.0001,-0.01,6852.031
4.175925315233624,-3.500040942251532e-05,5.467933583022099,0.0001,-0.01,6857.437
4.175805795161289,-0.0017248575263565,5.4707300106538845,0.0001,-0.01,6862.844
4.176163072598054,-0.0022046852782068,5.45103757211696,0.0001,-0.01,6868.25
4.175917808729376,-0.0024832595961211,5.484726929994893,0.0001,-0.01,6873.594
4.175791307845399,-0.0019597156834522,5.510848779317697,0.0001,-0.01,6878.984
4.17598255264607,-0.0034004067067455,5.514361730291501,0.0001,-0.01,6884.375
4.176137071542635,-0.0025370273562403,5.524237145741252,0.0001,-0.01,6889.797
4.176097858961136,-0.002698634875052,5.536324301290446,0.0001,-0.01,6895.203
4.1763625310397625,-0.0019096918353503,5.548924530297185,0.0001,-0.01,6900.609
4.176003295299889,-0.000967200711755,5.563913572000844,0.0001,-0.01,6906.031
4.175773652878204,-0.0005156040209362,5.575014863666652,0.0001,-0.01,6911.437
4.17600177103354,-0.002426529424321,5.588922643178269,0.0001,-0.01,6916.844
4.175783140064653,-0.0001977256791841,5.598034526169983,0.0001,-0.01,6922.265
4.175828850018842,-0.0027851649049082,5.599250161754241,0.0001,-0.01,6927.672
4.175938127752224,-0.0020948903704443,5.584525122179177,0.0001,-0.01,6933.078
4.175821862645744,-0.0020340764653679,5.568582134289939,0.0001,-0.01,6938.469
4.175848281285107,-0.000833280638498,5.5974463266294014,0.0001,-0.01,6943.875
4.175931252056711,-0.0009619604947703,5.6152967839646735,0.0001,-0.01,6949.281
4.175970375841065,-0.004919429434105,5.646172553001091,0.0001,-0.01,6954.625
4.175778395594573,-3.362323164853622e-05,5.649795693970035,0.0001,-0.01,6960.0
4.175958902759686,0.0006146451380947,5.669411115372008,0.0001,-0.01,6965.406
4.175969706896803,-0.0013005679625294,5.670060306129931,0.0001,-0.01,6970.828
4.1758686631939455,-0.0017896181344008,5.654071907190543,0.0001,-0.01,6976.234
4.175752178536968,-0.0033585097929016,5.660346404618795,0.0001,-0.01,6981.64
4.175850856082239,-0.0074860136148336,5.683195309622462,0.0001,-0.01,6987.062
4.1758747750893805,-0.0043756338945969,5.710047701493141,0.0001,-0.01,6992.469
4.1757920017400325,-0.0012803074786079,5.70177139214338,0.0001,-0.01,6997.89
4.175912542510008,-0.001506422484526,5.715861828031511,0.0001,-0.01,7003.312
4.17587372699823,-0.0036890010319007,5.732114670954655,0.0001,-0.01,7008.703
4.175736431077059,9.449188508459196e-06,5.726049993258824,0.0001,-0.01,7014.125
4.175699016142647,-0.0034319275835326,5.745737296276087,0.0001,-0.01,7019.562
4.175536178864511,0.0002269684472811,5.779701066601662,0.0001,-0.01,7024.969
4.175690236635853,-0.0019396011037181,5.765997672936055,0.0001,-0.01,7030.375
4.175818417968356,0.0002746251817365,5.778199186817491,0.0001,-0.01,7035.797
4.175572276496056,-0.0020639502232556,5.761467779452809,0.0001,-0.01,7041.219
4.175837996895639,0.0015904720059857,5.787360594012578,0.0001,-0.01,7046.625
4.1759273523096025,-0.0018381899903315,5.787044236450667,0.0001,-0.01,7052.047
4.175892737393567,-0.005472139233747,5.80053023993728,0.0001,-0.01,7057.484
4.175740659873482,-0.0015107383516012,5.814033740215838,0.0001,-0.01,7062.922
4.175751823547231,-0.001472931400302,5.802421419855083,0.0001,-0.01,7068.328
4.175783448566853,-0.000445121274088,5.821277790241964,0.0001,-0.01,7073.734
4.17570200230681,-0.0034153414090038,5.827041678548137,0.0001,-0.01,7079.14
4.175965685528134,-0.007008727557273,5.848286116580884,0.0001,-0.01,7084.562
4.175911602942053,-0.0025207096890696,5.8533788993309726,0.0001,-0.01,7089.969
4.175618479570127,-0.0070453664802075,5.846829293013762,0.0001,-0.01,7095.39
4.175794448058153,-0.0014697129413908,5.845267805008088,0.0001,-0.01,7101.047
4.175640747121032,0.0033798449553178,5.840752541795041,0.0001,-0.01,7106.969
4.175580402570852,0.0016863496981552,5.872612597613823,0.0001,-0.01,7112.969
4.175984598894826,0.0013816158966242,5.880827704417378,0.0001,-0.01,7118.39
4.175704517638375,-0.0030234596792333,5.90331447115671,0.0001,-0.01,7123.812
4.175718085508759,-0.0081910670412787,5.91069707616066,0.0001,-0.01,7129.234
4.175725042933535,-0.0031506849148259,5.906561745335546,0.0001,-0.01,7134.64
4.175753029693143,-0.0001222300237283,5.90742664487159,0.0001,-0.01,7140.062
4.175834139741864,-0.0015987892752505,5.904404524756124,0.0001,-0.01,7145.469
4.175589822556582,-0.002142975115314,5.938734604023162,0.0001,-0.01,7150.89
4.175673073228343,-0.0014016300753182,5.938804051852012,0.0001,-0.01,7156.297
4.175721514221332,-0.0031571542463525,5.930965253719017,0.0001,-0.01,7161.719
4.175649995067614,-0.0046472945061197,5.9371471334018,0.0001,-0.01,7167.14
4.175691423172483,-0.0014672119140178,5.946003425832819,0.0001,-0.01,7172.562
4.175715076541673,-0.0031810362884177,5.950525162305927,0.0001,-0.01,7177.969
4.175616676700613,-0.0009904715864075,5.981775436620378,0.0001,-0.01,7183.39
4.17574581561026,-0.00058620362632,5.984453168796036,0.0001,-0.01,7188.812
4.175529035617806,-0.0017561613762041,5.981344353711667,0.0001,-0.01,7194.219
4.17556535522608,0.0003113991643462,5.991915549996933,0.0001,-0.01,7199.64
4.175992384020106,0.0045611829760663,5.979055298166323,0.0001,-0.01,7205.047
4.175900877882331,-0.0053670108499862,5.988531599724243,0.0001,-0.01,7210.469
4.175674287956906,-0.0030974585067411,5.991391178870051,0.0001,-0.01,7215.875
4.17563720687694,-0.0003587649713732,5.997910651948343,0.0001,-0.01,7221.297
4.175577030521633,-0.0009643502275261,5.998497346327877,0.0001,-0.01,7226.734
4.175636376151596,0.0003620175818798,6.007929509779908,0.0001,-0.01,7232.14
4.175412685885438,-0.0042518002709929,6.017293733351649,0.0001,-0.01,7237.578
4.175952076440226,0.0005046873513241,6.015720310833298,0.0001,-0.01,7242.984
4.17575661896218,-0.0046901310934414,6.016407184015491,0.0001,-0.01,7248.406
4.175405738648804,1.4407674984268947e-05,6.026572736523666,0.0001,-0.01,7253.828
4.175305788062219,0.0001511452230453,6.034041511834254,0.0001,-0.01,7259.25
4.175489467892257,-0.0038944004859213,6.042202462778055,0.0001,-0.01,7264.656
4.175289330198039,0.0036331658767313,6.045360644512661,0.0001,-0.01,7270.078
4.175533184178262,-0.002429126152696,6.0484510325013074,0.0001,-0.01,7275.484
4.175545699281951,-0.0026370268493077,6.060654638437232,0.0001,-0.01,7280.906
4.175465529946894,0.0010792182221376,6.065021448705046,0.0001,-0.01,7286.312
4.175572942339575,-0.0054687167877113,6.071225175454055,0.0001,-0.01,7291.734
4.17546988418147,-0.0005941434736225,6.075659449477685,0.0001,-0.01,7297.156
4.175664697002923,-0.0015252400610673,6.078208476148801,0.0001,-0.01,7302.562
4.175589203053672,0.0003918049282983,6.082813188416869,0.0001,-0.01,7308.0
4.175503501897618,-0.0027348749770624,6.093285081506519,0.0001,-0.01,7313.406
4.17545526220175,-0.0015959704912972,6.1035718803028045,0.0001,-0.01,7318.812
4.175608196386886,-0.0024879736959616,6.103805790934706,0.0001,-0.01,7324.234
4.175652524217025,0.0009093706799126,6.108934720473377,0.0001,-0.01,7329.656
4.175536703692876,0.0007943674243218,6.115923319006582,0.0001,-0.01,7335.094
4.175412228412237,-0.0044036942645635,6.117916630530823,0.0001,-0.01,7340.5
4.175647217071246,-0.0017793727076125,6.129902541353659,0.0001,-0.01,7345.922
4.175585073670522,-0.0052264334012037,6.128344371014976,0.0001,-0.01,7351.344
4.17554462985812,-0.0032686432015233,6.1308431170025175,0.0001,-0.01,7356.765
4.175554080621098,-0.0002005799134486,6.142339406312964,0.0001,-0.01,7362.172
4.175593513835587,-0.0026846751867785,6.155832905677761,0.0001,-0.01,7367.594
4.175367988672136,-0.0004998383392445,6.1550697758473145,0.0001,-0.01,7373.015
4.175753885180973,-0.0025439678567895,6.16171439688573,0.0001,-0.01,7378.422
4.17556239495879,-0.0016633956740058,6.172297691769227,0.0001,-0.01,7383.844
4.17545841684911,-0.0004057341414895,6.174063413531118,0.0001,-0.01,7389.25
4.17530274869195,-0.0012684230037204,6.184768658104254,0.0001,-0.01,7394.672
4.17527469953232,0.0011733852776527,6.185267343525337,0.0001,-0.01,7400.094
4.175576338960838,-0.00216328626318,6.204077766904793,0.0001,-0.01,7405.515
4.175355119148647,-0.0010602116813927,6.213664315486589,0.0001,-0.01,7410.922
4.175509516798762,-0.0012252799108574,6.22256046991242,0.0001,-0.01,7416.344
4.175345846017942,-0.0004446969707504,6.214463337130398,0.0001,-0.01,7421.75
4.175528636860055,-0.0039418751537992,6.217669553354506,0.0001,-0.01,7427.172
4.175265432568863,0.0007000871169608,6.222900537730899,0.0001,-0.01,7432.594
4.175573895546134,-0.001654446627312,6.232001824773159,0.0001,-0.01,7438.0
4.175377941918515,-0.0027042018456318,6.231961077593144,0.0001,-0.01,7443.422
4.175426617323764,-0.0017195557278326,6.239217017452483,0.0001,-0.01,7448.844
4.175461165191137,0.0002509273189803,6.2514646203984015,0.0001,-0.01,7454.265
4.174981691431321,-0.0048784294204089,6.263903289243244,0.0001,-0.01,7459.672
4.1753400355344805,0.0019104762112696,6.259713554537494,0.0001,-0.01,7465.094
4.175462199719906,-0.0028007465608317,6.266268304610735,0.0001,-0.01,7470.515
4.175540620397883,-0.0030493117154848,6.274299433045206,0.0001,-0.01,7475.922
4.175339783817713,-0.0062887253693548,6.284384080903419,0.0001,-0.01,7481.344
4.175562623296244,-0.0011111042029769,6.285103606071588,0.0001,-0.01,7486.765
4.175442619451156,0.0010334395661912,6.292635448076292,0.0001,-0.01,7492.172
4.17531607477589,-0.0005240785144687,6.298694345842,0.0001,-0.01,7497.594
4.17543654605962,-0.0021223280138429,6.308568062258987,0.0001,-0.01,7503.0
4.175497170289184,-0.0036116100959989,6.317192508572791,0.0001,-0.01,7508.406
4.175444031683214,-0.0008252454649296,6.313533502673419,0.0001,-0.01,7513.844
4.175416468251775,0.004202198481164,6.330494867945705,0.0001,-0.01,7519.25
4.17551689817547,0.0005990353199405,6.34051078133863,0.0001,-0.01,7524.656
4.175456102837098,-0.0003663575728073,6.349770857021897,0.0001,-0.01,7530.094
4.175286625140526,-0.0013473826074193,6.358744153353624,0.0001,-0.01,7535.5
4.175297227315295,-0.0029803412495832,6.359931840090241,0.0001,-0.01,7540.906
4.175403442263913,-0.0022623633112002,6.366692563324881,0.0001,-0.01,7546.328
4.1750998362618095,0.0009569777185651,6.366844477927926,0.0001,-0.01,7551.75
4.175553382315496,-0.0015916400372876,6.384284993373123,0.0001,-0.01,7557.156
4.17528898741642,-0.0023116774991428,6.3815465074198325,0.0001,-0.01,7562.594
4.175350260312118,-0.000655390774156,6.393960112696735,0.0001,-0.01,7568.0
4.175521673530462,-0.0029947217428762,6.401446045272014,0.0001,-0.01,7573.406
4.175202057317288,-0.00332048479826,6.407075965045708,0.0001,-0.01,7578.828
4.175350105811104,-0.0041615820367911,6.413080225953147,0.0001,-0.01,7584.234
4.175267877694839,4.064423312384825e-06,6.419130990367367,0.0001,-0.01,7589.64
4.1755877116115165,-0.003766353904177,6.430277824183966,0.0001,-0.01,7595.062
4.175313954112244,-0.0034028076449393,6.427885323329222,0.0001,-0.01,7600.469
4.1753826316394775,-0.003202383201428,6.419568754585303,0.0001,-0.01,7605.906
4.175330816295513,-0.0041500014604212,6.409396575382282,0.0001,-0.01,7611.312
4.175363929141192,-0.0031904476239414,6.39311178861245,0.0001,-0.01,7616.719
4.17525603575557,-0.0032272013297756,6.290215700834777,0.0001,-0.01,7622.14
4.175132199949587,-0.0023848612885911,6.057411551886709,0.0001,-0.01,7627.562
4.175373610254455,0.0002374776702663,5.833554509054092,0.0001,-0.01,7632.969
4.17528847700457,-0.0017848884490894,5.573523809084056,0.0001,-0.01,7638.39
4.175396824441974,-0.0009863243954454,5.372906149326652,0.0001,-0.01,7643.797
4.175324942980037,0.0016271502471485,5.312360831419632,0.0001,-0.01,7649.203
4.175261701507718,-0.0007888131506277,5.238165709691685,0.0001,-0.01,7654.625
4.17533275794755,-0.0007396493136331,5.152374079019555,0.0001,-0.01,7660.031
4.175333125322053,-0.0020806344374876,5.034607623621979,0.0001,-0.01,7665.437
4.175314923245118,-0.0020778816723921,4.955206099493899,0.0001,-0.01,7670.859
4.175457327110088,-0.0030206407023631,4.844717924410358,0.0001,-0.01,7676.265
4.17539261809706,-0.0016127529897546,4.763386715240664,0.0001,-0.01,7681.672
4.175501057780592,0.0003148051966365,4.6989713137130895,0.0001,-0.01,7687.094
4.175346548088777,0.0010748214738938,4.641705010208892,0.0001,-0.01,7692.5
4.175441802271909,-0.0025005348719992,4.601123508546241,0.0001,-0.01,7697.906
4.175535912909094,-0.0003921271853787,4.518029242277152,0.0001,-0.01,7703.328
4.175403175972518,-0.003037933707614,4.434699144117306,0.0001,-0.01,7708.734
4.175434430393571,-0.0022810042952108,4.385330612841479,0.0001,-0.01,7714.14
4.175518050253875,0.0005323059913759,4.295299771191036,0.0001,-0.01,7719.562
4.17527064388017,0.0011560166342698,4.253504073131642,0.0001,-0.01,7724.969
4.175381142001625,0.0011580803873461,4.210719730365231,0.0001,-0.01,7730.375
4.175488431346842,-0.0013148582930118,4.117431398548999,0.0001,-0.01,7735.781
4.175454052394781,-0.0026555765673535,4.072991640676381,0.0001,-0.01,7741.203
4.175276625143319,-6.021397893410631e-05,4.029494731967297,0.0001,-0.01,7746.609
4.175544477429419,-0.0036287092262934,3.961074702117679,0.0001,-0.01,7752.015
4.175441575270336,-0.0023161569917858,3.9109634494252745,0.0001,-0.01,7757.437
4.1756378686780415,-0.0070059573855749,3.864584377305488,0.0001,-0.01,7762.844
4.1754214452360445,-0.0011715583965565,3.822421030725116,0.0001,-0.01,7768.281
4.175635484994528,0.0052383652670713,3.736294925646981,0.0001,-0.01,7773.687
4.175682738042552,3.961788937670621e-05,3.684462909716486,0.0001,-0.01,7779.094
4.175684303891187,-0.00107368709222,3.6725284705180847,0.0001,-0.01,7784.515
4.175509637266905,-0.0035701479526219,3.61523582290386,0.0001,-0.01,7789.922
4.175861995150475,-0.0017527297618375,3.5606129271332096,0.0001,-0.01,7795.328
4.175652347044106,-0.0040210731402924,3.5278311452409388,0.0001,-0.01,7800.75
4.175635391887676,-0.0017466379806314,3.4909256785882667,0.0001,-0.01,7806.156
4.17580706217232,-0.0031699802305699,3.4237318639216032,0.0001,-0.01,7811.578
4.17580345417327,-0.0015079570729853,3.3932802220599334,0.0001,-0.01,7817.0
4.175641203734235,-0.004939773719892,3.308175787992231,0.0001,-0.01,7822.406
4.175855400529684,-0.0025715042443612,3.325532190712624,0.0001,-0.01,7827.812
4.175896076717385,-0.0020754800547473,3.49428268251052,0.0001,-0.01,7833.234
4.175513002957692,-0.0028420214455821,3.6384457095431726,0.0001,-0.01,7838.656
4.17575837686449,0.0006081306141756,3.7972804258822737,0.0001,-0.01,7844.062
4.175963169636745,-0.0004213818005088,3.9321883162868967,0.0001,-0.01,7849.734
4.175674808835446,0.0006207231374022,3.9831070505611175,0.0001,-0.01,7855.156
4.175634021747588,-0.0024373488443666,4.03531786565701,0.0001,-0.01,7860.609
4.175621788738391,0.0004535876654216,4.077289192325543,0.0001,-0.01,7866.062
4.175665145399141,-0.0022031545244702,4.124284275368401,0.0001,-0.01,7871.5
4.17578171278739,-0.001233846423123,4.204049821503876,0.0001,-0.01,7876.969
4.1760626400270615,0.0007336789026,4.286702057189374,0.0001,-0.01,7882.406
4.1757722912702055,-0.0010190798680181,4.33205857037946,0.0001,-0.01,7887.844
4.175576364937181,-0.0033835374376355,4.358102205060944,0.0001,-0.01,7893.297
4.175789154578014,-0.0011107127974603,4.370280065208058,0.0001,-0.01,7898.734
4.176321500408812,-0.0036402373667155,4.426088828707283,0.0001,-0.01,7904.172
4.175849409978087,0.0037434806833965,4.471253180369552,0.0001,-0.01,7909.609
4.175810185375783,0.0034721953471891,4.498410850951558,0.0001,-0.01,7915.047
4.175859484058706,-0.0027631187022244,4.5261433857882745,0.0001,-0.01,7920.469
4.175728394191763,-0.0037113774104025,4.535436224870547,0.0001,-0.01,7925.922
4.175772454935293,0.001961886768849,4.586537513932464,0.0001,-0.01,7931.344
4.175666225411047,-0.0023971589528994,4.575119952326653,0.0001,-0.01,7936.781
4.175659927923899,-0.0040259621348271,4.580583277386645,0.0001,-0.01,7942.219
4.175714319133291,-0.0020756149977625,4.613284046082248,0.0001,-0.01,7947.656
4.175775184871138,-0.0028701677719022,4.644396684387948,0.0001,-0.01,7953.078
4.175717990473777,-0.0019185248110678,4.6799041705454885,0.0001,-0.01,7958.515
4.175850254324879,0.0026720324487827,4.6951116432461735,0.0001,-0.01,7963.937
4.175639064420448,-0.0022532457377954,4.722070976984194,0.0001,-0.01,7969.359
4.175795665603233,-0.0041009933289753,4.739812054183888,0.0001,-0.01,7974.797
4.1757466318514895,-0.0027985092728381,4.75396253366489,0.0001,-0.01,7980.219
4.175535431127575,-0.0020137572822905,4.77508287329019,0.0001,-0.01,7985.64
4.175598781478631,-0.0022326409332658,4.791327685358939,0.0001,-0.01,7991.078
4.175455581846947,-0.0005775420159545,4.816896046174576,0.0001,-0.01,7996.5
4.17560178582024,-0.0012952405889848,4.821010054251116,0.0001,-0.01,8001.922
4.175435271793158,0.0019104639461359,4.841224908380515,0.0001,-0.01,8007.359
4.175634718322586,-7.986831972729027e-05,4.871295845445201,0.0001,-0.01,8012.765
4.175633018320471,-0.0036469832704538,4.895728307636619,0.0001,-0.01,8018.187
4.175570105395051,-0.0029591915986061,4.92448740968411,0.0001,-0.01,8023.609
4.175591149872492,-0.0017786858609565,4.948818453668833,0.0001,-0.01,8029.031
4.175611182889207,0.000235673651436,4.950766556460828,0.0001,-0.01,8034.437
4.175628502839712,-0.0014522015563475,4.946645229265938,0.0001,-0.01,8039.859
4.175579651496747,-0.0010074447743902,4.946314261219877,0.0001,-0.01,8045.281
4.1757445088314125,-0.000612941186775,4.975402811130889,0.0001,-0.01,8050.703
4.175664975711089,0.0012264823030714,5.005044079297166,0.0001,-0.01,8056.125
4.175568403010897,-0.0022280310933527,5.019124031474749,0.0001,-0.01,8061.547
4.175558940765945,-0.00439234067062,5.019238586239591,0.0001,-0.01,8066.969
4.175698075438268,-0.0010627669847598,5.022725997206405,0.0001,-0.01,8072.39
4.175513078591454,-0.0010802194796782,5.056478145645227,0.0001,-0.01,8077.812
4.175501889064873,-0.0010382615353065,5.087833418520388,0.0001,-0.01,8083.234
4.175575280280794,-0.0027949802006843,5.127867856439968,0.0001,-0.01,8088.656
4.175557657963436,-0.0016726130244883,5.147349681798773,0.0001,-0.01,8094.078
4.175741998572136,0.002134497335459,5.154121585788423,0.0001,-0.01,8099.5
4.175410801846972,-0.0013739748149546,5.159839853384808,0.0001,-0.01,8104.922
4.175435041768737,0.0005415114258971,5.151724482681575,0.0001,-0.01,8110.328
4.175580300030994,-0.0020170334833633,5.123683896822126,0.0001,-0.01,8115.75
4.175392697412634,-0.0020963197484519,5.157810910704042,0.0001,-0.01,8121.172
4.175496886716095,-0.0005419559314763,5.199222467319435,0.0001,-0.01,8126.578
4.175459705960242,-0.0019997276552661,5.214462830327835,0.0001,-0.01,8132.031
4.17542221167922,0.0004153856293915,5.233083147531916,0.0001,-0.01,8137.437
4.175629426676465,-0.0027791222411367,5.234598263397161,0.0001,-0.01,8142.859
4.175505830591052,-0.000590722576904,5.235567599302386,0.0001,-0.01,8148.312
4.1756724000955465,-0.0031788046857483,5.2520190138802665,0.0001,-0.01,8153.719
4.175352910713311,-0.0006589450101888,5.261058228036434,0.0001,-0.01,8159.14
4.1754766555044585,-0.0006600282519097,5.28353447388797,0.0001,-0.01,8164.469
4.175428587479997,-0.0039030988500386,5.307847585138116,0.0001,-0.01,8169.844
4.175564158198518,-0.0012606867386462,5.317383876474299,0.0001,-0.01,8175.265
4.175462284649156,-0.0022017546939461,5.340968968325708,0.0001,-0.01,8180.687
4.175568540368755,-0.0025327206541109,5.335452831958241,0.0001,-0.01,8186.094
4.175534516162112,-0.0025332285557161,5.333551987115794,0.0001,-0.01,8191.515
4.175406950651762,-0.0010300973913096,5.328195977950515,0.0001,-0.01,8196.937
4.175646845392799,-0.0016842743578533,5.344341842829041,0.0001,-0.01,8202.344
4.175440901735745,0.0008324350060507,5.370614201415745,0.0001,-0.01,8207.765
4.175491062003081,-0.0032329921917563,5.3810464711233,0.0001,-0.01,8213.187
4.1755509481386754,-0.0006953173131259,5.402020665571919,0.0001,-0.01,8218.609
4.175273528988352,-0.0014858113376556,5.417968276896887,0.0001,-0.01,8224.015
4.175422492815238,-0.0004789213368334,5.426739610473092,0.0001,-0.01,8229.437
4.175241507860402,-0.0006669447459394,5.430159127862136,0.0001,-0.01,8234.859
4.175455762559685,-0.0045768110734006,5.434608356927531,0.0001,-0.01,8240.265
4.175469709282851,-0.0012385759763685,5.455790798978534,0.0001,-0.01,8245.687
4.175205629639408,-0.0003740436925626,5.46194333078162,0.0001,-0.01,8251.109
4.175394463553829,-0.003364513754225,5.475725628617711,0.0001,-0.01,8256.515
4.175360737802094,0.0003705709970873,5.483022479741407,0.0001,-0.01,8261.937
4.17548476671148,-0.0025341040301393,5.490089902567664,0.0001,-0.01,8267.344
4.175431928743378,-0.0012924640113868,5.500899037455363,0.0001,-0.01,8272.765
4.175623716821344,-0.0037235865251721,5.513178729053197,0.0001,-0.01,8278.187
4.175360036497609,-0.0017757771258432,5.527540055033389,0.0001,-0.01,8283.594
4.175269851206368,-0.0034149120262168,5.535779298661124,0.0001,-0.01,8289.015
4.175539545739181,-0.0011730269981785,5.565910134538853,0.0001,-0.01,8294.422
4.17537213636651,-0.0019315789730879,5.562120071794428,0.0001,-0.01,8299.844
4.175431064313806,-0.0038039752818243,5.586081303522726,0.0001,-0.01,8305.25
4.175338932722629,-0.0085021244154729,5.593182601156335,0.0001,-0.01,8310.687
4.175266039798914,0.0014238598648872,5.594651474997722,0.0001,-0.01,8316.094
4.175341435655831,-0.0018589434432942,5.5737977401325365,0.0001,-0.01,8321.515
4.175275782655201,0.0007195435910006,5.585170669577535,0.0001,-0.01,8326.937
4.175256421539066,0.0019210955338477,5.6025680017141015,0.0001,-0.01,8332.344
4.175351547468106,0.0017921630781588,5.632172415860078,0.0001,-0.01,8337.75
4.17525777859767,-0.0038230507231916,5.647158266991674,0.0001,-0.01,8343.172
4.175306644620076,-0.0014071315244376,5.635518778634072,0.0001,-0.01,8348.578
4.175218251461676,-0.002288033671255,5.647746486579267,0.0001,-0.01,8354.0
4.175254721027164,-0.0029757100655973,5.667274383312375,0.0001,-0.01,8359.422
4.175395969892034,-0.0014867042682272,5.686500761597843,0.0001,-0.01,8364.844
4.175113188033576,-0.0019678739720311,5.677353507531356,0.0001,-0.01,8370.25
4.175178342865968,0.0006972523439746,5.687292987110317,0.0001,-0.01,8375.672
4.175453060168121,-0.0006295764080732,5.707173068199261,0.0001,-0.01,8381.078
4.175184416411422,0.0008654638070492,5.70522536615734,0.0001,-0.01,8386.484
4.175252282516708,-0.0025349898055343,5.719556814126085,0.0001,-0.01,8391.922
4.175378230471231,-0.0035510098875248,5.720617853646179,0.0001,-0.01,8397.328
4.175159721401101,-0.0023031518813669,5.752934832463458,0.0001,-0.01,8402.734
4.175275928942391,-0.0008545803389922,5.752237480405024,0.0001,-0.01,8408.172
4.175101231831476,-0.0021006004355562,5.740474159326905,0.0001,-0.01,8413.578
4.17513652349291,0.0001595858103162,5.739561132137134,0.0001,-0.01,8419.015
4.17564609295863,-0.0046868796210053,5.740897324197555,0.0001,-0.01,8424.437
4.175183789990335,-0.0047918947772221,5.758092401733303,0.0001,-0.01,8429.844
4.175390260955792,-0.0033122458063247,5.785491414441871,0.0001,-0.01,8435.265
4.1752406634597286,-0.0007518032157868,5.821789775091909,0.0001,-0.01,8440.672
4.175213862770705,-0.0013647621803222,5.839842532841455,0.0001,-0.01,8446.078
4.175239938518271,-0.0045512724146903,5.827558109352637,0.0001,-0.01,8451.5
4.175512921199806,-0.003578036565564,5.812999746424437,0.0001,-0.01,8456.906
4.175138708760858,0.0002815631642437,5.820188712661979,0.0001,-0.01,8462.312
4.175203254084763,-0.0012922359262524,5.838527357507164,0.0001,-0.01,8467.734
4.175255038634707,-0.0022926256727826,5.8324265042613535,0.0001,-0.01,8473.156
4.175240377910575,-0.0004873415167047,5.847518799049174,0.0001,-0.01,8478.562
4.175166321027691,-0.0010342990991899,5.865865667150788,0.0001,-0.01,8483.969
4.17528483449023,-0.0033549231671096,5.853184826671684,0.0001,-0.01,8489.39
4.17514768452046,-0.0030868669511314,5.874104245665302,0.0001,-0.01,8494.812
4.175015365329255,-0.0024844089082689,5.88135305924451,0.0001,-0.01,8500.219
4.175250868346078,-0.0026828083966843,5.8764159202303485,0.0001,-0.01,8505.64
4.175372516255564,0.0009382798904155,5.876840114168451,0.0001,-0.01,8511.047
4.174928675798986,-0.0001583032156245,5.879818367539483,0.0001,-0.01,8516.469
4.176075186416374,0.002228781683702,5.911159344184759,0.0001,-0.01,8521.89
4.174922271961479,5.386834602738918e-05,5.911951077564587,0.0001,-0.01,8527.297
4.175290768728398,-0.0028312377503388,5.908646050697335,0.0001,-0.01,8532.703
4.175291727997808,-0.0024296844426718,5.90994844016102,0.0001,-0.01,8538.125
4.175207258491351,0.0003558037203553,5.924002868116505,0.0001,-0.01,8543.531
4.175508744426725,-0.0055247978409988,5.9433809061039,0.0001,-0.01,8548.953
4.174956304909894,-0.0012083254489655,5.945548792039752,0.0001,-0.01,8554.375
4.1750111878977485,-0.000872598752614,5.936485521135966,0.0001,-0.01,8559.781
4.175051654706607,-0.0009679274306026,5.950093075704878,0.0001,-0.01,8565.203
4.174897859730089,-0.0017959421703147,5.986467041546115,0.0001,-0.01,8570.625
4.175067079079359,-0.0022547112183464,5.995147275893951,0.0001,-0.01,8576.031
4.17530555094295,-0.0048885827127667,5.983359839195249,0.0001,-0.01,8581.469
4.174777934530133,-9.798656749450193e-06,5.984480570910982,0.0001,-0.01,8586.875
4.175300291828089,-0.0012141167941458,5.982953209218767,0.0001,-0.01,8592.281
4.1749891886210655,-0.001001968954708,5.98684336912426,0.0001,-0.01,8597.719
4.175737243509772,0.0009509469356675,5.988910149410574,0.0001,-0.01,8603.125
4.174898502055735,-0.0045564406955424,5.998415552825734,0.0001,-0.01,8608.531
4.175032340245223,0.0020393918254153,6.00720981885452,0.0001,-0.01,8613.953
4.17511932266557,-8.841339905221667e-05,6.0111143922664025,0.0001,-0.01,8619.359
4.174804316180681,-0.002118977899658,6.017367904500333,0.0001,-0.01,8624.765
4.175275163020976,-0.0004382867697379,6.021665565726088,0.0001,-0.01,8630.203
4.175095338225741,-0.0006282451797207,6.024131689598274,0.0001,-0.01,8635.609
4.175132756749685,0.0016148028337208,6.021309038895473,0.0001,-0.01,8641.015
4.175128487085341,0.0007499055694587,6.033963803757124,0.0001,-0.01,8646.437
4.174980202717912,-0.0027373953122552,6.043887871473766,0.0001,-0.01,8651.844
4.175252749645764,-0.0008730681097873,6.043918300894945,0.0001,-0.01,8657.25
4.175134333724874,-0.0028711201746237,6.049784425327885,0.0001,-0.01,8662.687
4.175075231649499,-0.0011472015771874,6.048954758097134,0.0001,-0.01,8668.094
4.17507333703104,-0.0005058479691309,6.064259564408827,0.0001,-0.01,8673.5
4.175052741270742,0.0001344309288273,6.067898234346274,0.0001,-0.01,8678.922
4.174924575850242,-0.0016559480933473,6.0705287904587,0.0001,-0.01,8684.328
4.175098801220471,0.0002551815417394,6.075966133408557,0.0001,-0.01,8689.781
4.174983091316124,0.0016751844379236,6.076942011289495,0.0001,-0.01,8695.172
4.175066915046181,-0.0023046774167094,6.086858853691898,0.0001,-0.01,8700.594
4.174935221757911,0.001296726424632,6.089691261049178,0.0001,-0.01,8706.031
4.175167419402745,-0.0026873007694101,6.098131705640107,0.0001,-0.01,8711.437
4.17512249843014,-0.0051649285526934,6.102965115472187,0.0001,-0.01,8716.859
4.175107453237689,-0.0016771407027653,6.112043606376231,0.0001,-0.01,8722.265
4.175040219865688,-0.0010795403012652,6.115777275665585,0.0001,-0.01,8727.687
4.175231494882796,-0.0026560862889635,6.127888513002142,0.0001,-0.01,8733.094
4.17491766939002,-0.0008244992584907,6.137305575690734,0.0001,-0.01,8738.515
4.174959059484702,-0.0012275447338933,6.130962457623499,0.0001,-0.01,8743.922
4.174954286687036,-0.0017537025640192,6.131568667470432,0.0001,-0.01,8749.328
4.174834262395573,-0.0024091311610876,6.144074845517733,0.0001,-0.01,8754.75
4.174926334222748,-0.0011323656122999,6.151758986989912,0.0001,-0.01,8760.156
4.175060788394844,-0.0021029921035755,6.158844023645738,0.0001,-0.01,8765.562
4.17489184915398,-0.0023068623465697,6.1679695507586425,0.0001,-0.01,8770.984
4.175107029620185,-0.0002486986556743,6.168337971371895,0.0001,-0.01,8776.39
4.174800312922373,-0.0021166224963623,6.168230528143039,0.0001,-0.01,8781.812
4.175194418531247,3.910368436132344e-05,6.179442188602854,0.0001,-0.01,8787.234
4.17481973670843,-0.0032212365573257,6.180781177819886,0.0001,-0.01,8792.64
4.174895636612891,-0.0022126446879666,6.19415215105483,0.0001,-0.01,8798.062
4.175055662279528,-0.0042623765377162,6.19548267023033,0.0001,-0.01,8803.469
4.174687712449243,-0.0007160538314367,6.206024672421719,0.0001,-0.01,8808.89
4.174755550962548,-0.000634904275957,6.200171144980225,0.0001,-0.01,8814.297
4.174938914158754,-0.0014199422236478,6.21434520552081,0.0001,-0.01,8819.719
4.175039316533145,-0.0018595661185246,6.219433444981732,0.0001,-0.01,8825.125
4.174983863158731,-0.0013713183986989,6.226743186911698,0.0001,-0.01,8830.531
4.175023927152782,0.0004837801929156,6.238728996779948,0.0001,-0.01,8835.953
4.174900063728278,-0.0005894358599534,6.245782225092097,0.0001,-0.01,8841.375
4.174866274900842,0.0027243689716579,6.247709078013998,0.0001,-0.01,8846.781
4.17484494064433,-0.0013031077443768,6.250482075223439,0.0001,-0.01,8852.219
4.17503089117194,-0.0019290221312373,6.2672313092474665,0.0001,-0.01,8857.625
4.174992663548763,-0.0017495838797356,6.272996701726163,0.0001,-0.01,8863.031
4.175097641720292,-0.0026077522812475,6.278355588923496,0.0001,-0.01,8868.453
4.1749394766270935,0.000612072866721,6.285080967510277,0.0001,-0.01,8873.875
4.174879363618462,-0.0005005580151644,6.28951236618532,0.0001,-0.01,8879.281
4.175020189560252,-0.0028482727972694,6.298751860708229,0.0001,-0.01,8884.703
4.1749266730524734,0.0009452281354008,6.300195946181836,0.0001,-0.01,8890.109
4.174957035234595,0.0007135382858402,6.305616901699072,0.0001,-0.01,8895.515
4.1749260731213145,-0.000298052608777,6.307512632772726,0.0001,-0.01,8900.937
4.174889490633958,-0.0021702861451289,6.31361765894308,0.0001,-0.01,8906.359
4.175099361608039,0.0011834725262058,6.316876040360765,0.0001,-0.01,8911.765
4.174833965478088,9.319953522799934e-05,6.328582119342476,0.0001,-0.01,8917.203
4.1749325850848535,0.0013366046878411,6.3323647252242825,0.0001,-0.01,8922.609
4.174541043668172,0.0036775287029404,6.338606029502471,0.0001,-0.01,8928.031
4.174923526985133,-0.0003296027818413,6.350787530144938,0.0001,-0.01,8933.453
4.174825467101804,-0.0005578856431591,6.359483886703805,0.0001,-0.01,8938.859
4.174854787064304,-0.0024686389606622,6.369825246840341,0.0001,-0.01,8944.281
4.175015019141738,-0.0007683171589888,6.373029127244434,0.0001,-0.01,8949.703
4.174832428391897,-0.0007516703834234,6.382079794042321,0.0001,-0.01,8955.109
4.174898873250814,-0.0007375516581485,6.385511182039013,0.0001,-0.01,8960.562
4.174956802139639,-0.0019176065961936,6.38844081207766,0.0001,-0.01,8965.969
4.174688061756016,-0.0022145156606521,6.402984347593415,0.0001,-0.01,8971.375
4.174949608255244,-0.0033152608568964,6.410765113823399,0.0001,-0.01,8976.812
4.174746455008616,-0.0005478845291863,6.407370656181332,0.0001,-0.01,8982.234
4.1749008111226384,-0.0023193425890729,6.409479873558549,0.0001,-0.01,8987.64
4.174786514800302,-0.0013863970580076,6.420225421748515,0.0001,-0.01,8993.047
4.1749565222710245,-0.0032206471904304,6.430215287570025,0.0001,-0.01,8998.469
4.1748182944954175,-0.0007412328369209,6.427572622539277,0.0001,-0.01,9003.875
4.174884404488868,-0.0021715253835167,6.443459943247438,0.0001,-0.01,9009.297
4.175059426868582,-0.003731442902139,6.444931310867252,0.0001,-0.01,9014.703
4.174870545154627,-0.0013669751902294,6.435375122859052,0.0001,-0.01,9020.125
4.174858062156832,0.0013814372498104,6.432881519614275,0.0001,-0.01,9025.547
4.1748425091058845,-0.0029495164774846,6.3840913261293215,0.0001,-0.01,9030.953
4.174933348526137,-0.0013197005764954,6.208513801673804,0.0001,-0.01,9036.359
4.174974072814913,-0.0019588394194908,5.962512475425919,0.0001,-0.01,9041.781
4.174893874116172,-0.0023687124284637,5.700346471768377,0.0001,-0.01,9047.203
4.174852706709613,-0.0017675445945543,5.505070501051718,0.0001,-0.01,9052.609
4.174798883945715,-0.0015667867563026,5.3957610914817495,0.0001,-0.01,9058.031
4.174740713588404,-0.00111191997251,5.29609962060749,0.0001,-0.01,9063.437
4.174741149229167,-0.000990113131885,5.217372800163356,0.0001,-0.01,9068.859
4.1749044379432,-0.0044822438529463,5.150814943793317,0.0001,-0.01,9074.281
4.175009871310976,-0.0018060589563426,5.056719393048925,0.0001,-0.01,9079.687
4.174806836514018,-0.0022744808941523,4.898416755395432,0.0001,-0.01,9085.094
4.174757512837511,-0.0011219406708696,4.799474685369948,0.0001,-0.01,9090.515
4.175091590840441,-0.0018934894280741,4.763783981923872,0.0001,-0.01,9095.937
4.174938735075289,-0.003227792985755,4.6944609118982665,0.0001,-0.01,9101.344
4.174942764053415,-0.0026074457280265,4.647850438313647,0.0001,-0.01,9106.765
4.17499621335522,-0.0038018413428112,4.575808839157621,0.0001,-0.01,9112.172
4.175033990846509,-0.0026191841664183,4.509783371197996,0.0001,-0.01,9117.594
4.175051656526401,-0.0012282447832384,4.48876496987063,0.0001,-0.01,9123.031
4.174984402529288,-0.0003356133129253,4.413496391061032,0.0001,-0.01,9128.437
4.175217735563351,-0.0053572548765957,4.3044907186187125,0.0001,-0.01,9133.859
4.17515902095036,-0.0008800499030319,4.246473492973796,0.0001,-0.01,9139.297
4.1750746773333285,-0.0018402666326868,4.1741244521253735,0.0001,-0.01,9144.703
4.175168005712758,-0.0002528624688783,4.097775848846595,0.0001,-0.01,9150.109
4.174959761408756,-0.001193576881515,4.070649335117479,0.0001,-0.01,9155.531
4.175012039916211,-0.0032024419114197,4.017563763875798,0.0001,-0.01,9160.953
4.175245724016763,-0.0071305262923561,3.995772126400793,0.0001,-0.01,9166.359
4.174994959803717,0.0016566221249095,3.941900778980943,0.0001,-0.01,9171.781
4.17509013248176,-0.0022077790966463,3.865873463578103,0.0001,-0.01,9177.203
4.175259930440546,-0.0046950342588755,3.8033078858704856,0.0001,-0.01,9182.609
4.175233163257038,0.0001740338933369,3.760022478258453,0.0001,-0.01,9188.031
4.175106552973341,-3.3789034603182635e-05,3.690496928820267,0.0001,-0.01,9193.437
4.17533296559743,-0.0021800986567377,3.664054428437431,0.0001,-0.01,9198.844
4.17523594964915,-0.0042268762614063,3.615944850423487,0.0001,-0.01,9204.265
4.175309576189932,-0.0036859080871941,3.596756539169475,0.0001,-0.01,9209.687
4.17515068943022,-0.0027258508079925,3.544149077794592,0.0001,-0.01,9215.094
4.175195071270824,-0.0025485997980816,3.4879229532939853,0.0001,-0.01,9220.5
4.175277864056564,-0.001792698967881,3.451654523256088,0.0001,-0.01,9225.922
4.175386295400001,-0.0009198593692242,3.4195766235673,0.0001,-0.01,9231.359
4.175341693652727,-0.0014723004579983,3.544251511265544,0.0001,-0.01,9236.765
4.175310046401852,-0.0033465572463365,3.681028596111047,0.0001,-0.01,9242.172
4.175236761540384,-0.0033421049791279,3.855121854444518,0.0001,-0.01,9247.609
4.175186874325627,-0.0003698948345697,3.971544585460385,0.0001,-0.01,9253.015
4.175221491807263,-0.0019643278759077,4.064899244365259,0.0001,-0.01,9258.422
4.175293271537091,-0.0010288619914733,4.108805968828075,0.0001,-0.01,9263.844
4.175232885949996,-0.0035356923221069,4.153671536855962,0.0001,-0.01,9269.25
4.175710517631682,-0.0032188985137373,4.226368933143919,0.0001,-0.01,9274.672
4.175335448923223,-0.0024256081747384,4.269337724367193,0.0001,-0.01,9280.094
4.175507931179776,0.0014069180615128,4.336083959719403,0.0001,-0.01,9285.5
4.17529544645203,-0.0054896942317796,4.379032887433888,0.0001,-0.01,9290.922
4.1751868585420056,0.0018367761593589,4.422832563694628,0.0001,-0.01,9296.328
4.1754917255140285,-0.0016991289336458,4.473474898319608,0.0001,-0.01,9301.75
4.175208498289191,-0.0012471884424999,4.510278454540428,0.0001,-0.01,9307.156
4.175432650562943,-0.0025861788346099,4.523603686700692,0.0001,-0.01,9312.578
4.175277525340869,0.0012881829159812,4.553221868431125,0.0001,-0.01,9317.984
4.175411380848625,-0.0011123934499042,4.556930191812846,0.0001,-0.01,9323.406
4.175143621141606,0.0002147571953782,4.598252490639532,0.0001,-0.01,9328.828
4.175427318376587,-0.0009699475911479,4.623238747833761,0.0001,-0.01,9334.25
4.175318017506219,-0.0011977402737849,4.67198563620498,0.0001,-0.01,9339.656
4.175202744993696,-0.0024008582271402,4.664353709351376,0.0001,-0.01,9345.062
4.175190253913242,-0.0050496574205816,4.649492860159276,0.0001,-0.01,9350.484
4.175274122455229,-0.0028982461790037,4.689386960686027,0.0001,-0.01,9355.906
4.17545824038027,-0.0015292313473959,4.723825051106159,0.0001,-0.01,9361.312
4.175214146495565,0.0004041342342729,4.755876721229446,0.0001,-0.01,9366.719
4.175384173804781,0.0001643883011949,4.799305377396963,0.0001,-0.01,9372.14
4.175237309473778,0.0005951183238108,4.802251248882727,0.0001,-0.01,9377.562
4.1756500458723655,-0.0028037274577406,4.813130198499471,0.0001,-0.01,9382.969
4.175287262776638,-0.0026619921460677,4.836063350742595,0.0001,-0.01,9388.39
4.175458939555015,-0.0019560055551922,4.842601280882322,0.0001,-0.01,9393.828
4.175178211786169,-0.0070762418920183,4.864578358146886,0.0001,-0.01,9399.234
4.175290569915109,-0.0027059022841848,4.888305298312873,0.0001,-0.01,9404.64
4.1751781245435335,-0.0013733949693778,4.871504736594806,0.0001,-0.01,9410.062
4.175200825717694,-8.482870956813638e-05,4.902506972584239,0.0001,-0.01,9415.484
4.175334730419564,-0.0036192313656413,4.940816639625837,0.0001,-0.01,9420.89
4.175110009809093,-0.0005157970148612,4.9569144794310604,0.0001,-0.01,9426.312
4.175527617419588,-0.0042828728901231,4.97061203728881,0.0001,-0.01,9431.719
4.1750342432913925,-0.0063755653873064,4.978575478497055,0.0001,-0.01,9437.14
4.175424473917233,-0.0041814802350824,5.004811102142377,0.0001,-0.01,9442.562
4.174887305046778,-0.0017156575370692,5.0267955857764175,0.0001,-0.01,9447.984
4.175102323838178,-0.0014929054194236,5.02315814559283,0.0001,-0.01,9453.39
4.175297146279233,-0.0032196554388436,5.030301441685389,0.0001,-0.01,9458.828
4.175155698524593,-0.0047511335543777,5.036380588863667,0.0001,-0.01,9464.234
4.175291001326187,-0.001139617095491,5.047335776932035,0.0001,-0.01,9469.64
4.175163346017262,-0.0017411984222501,5.076210230172552,0.0001,-0.01,9475.062
4.175395019539609,-0.0003730329314157,5.12282439584432,0.0001,-0.01,9480.469
4.175354961755667,-0.0037022632023876,5.139175417222267,0.0001,-0.01,9485.875
4.175136368043139,-0.001554989544151,5.140961175838074,0.0001,-0.01,9491.297
4.175021068208556,-0.0023602583829612,5.149886681281256,0.0001,-0.01,9496.719
4.17521576425761,-0.0009552052938191,5.16764477702654,0.0001,-0.01,9502.156
4.175221715993053,-0.0020426858064659,5.187025558240907,0.0001,-0.01,9507.562
4.175071848297512,-0.0006557165650308,5.203951346905492,0.0001,-0.01,9512.969
4.174966412968272,0.0015254450160528,5.202852357557704,0.0001,-0.01,9518.406
4.175193354673568,-0.0001749173056007,5.203000508766802,0.0001,-0.01,9523.812
4.174908387218431,-0.0016398017566822,5.212857571787555,0.0001,-0.01,9529.219
4.175321173401676,-0.0053961559694402,5.233614677985411,0.0001,-0.01,9534.625
4.174838133563257,-0.0030712632201219,5.251613690663775,0.0001,-0.01,9540.047
4.175187732417297,-0.0019882592833537,5.267127298277377,0.0001,-0.01,9545.453
4.175378188873104,-0.0010637995445184,5.286472380844388,0.0001,-0.01,9550.875
4.1751752902124055,-0.0016843078194584,5.279487249828565,0.0001,-0.01,9556.297
4.175135280080945,-0.0029844891933398,5.310780313313327,0.0001,-0.01,9561.703
4.175023155040558,-0.0022445774832855,5.313944372151219,0.0001,-0.01,9567.125
4.175238135287425,-0.0009645003431977,5.324051772169751,0.0001,-0.01,9572.547
4.175046266237945,-0.00131727787398,5.330155509785817,0.0001,-0.01,9577.953
4.175010217999724,0.0002213945067369,5.336593633115516,0.0001,-0.01,9583.375
4.175079740568045,-0.000216038254277,5.365340363967102,0.0001,-0.01,9588.797
4.175109759314682,-0.0025451860446456,5.364318939770626,0.0001,-0.01,9594.203
4.175535277696671,-0.0043802413221248,5.371747865410375,0.0001,-0.01,9599.609
4.174969305920985,-0.0012917458628215,5.396553254104608,0.0001,-0.01,9605.031
4.174963415539919,-0.0028579783672369,5.402234158724057,0.0001,-0.01,9610.437
4.174922197368327,0.0003035191396314,5.403992866897279,0.0001,-0.01,9615.859
4.175201152997724,-0.0040755918321206,5.416904779139051,0.0001,-0.01,9621.281
4.1751533728320345,0.001569588162055,5.44446108649821,0.0001,-0.01,9626.703
4.175065868900542,-0.0042256518535278,5.453858170521565,0.0001,-0.01,9632.109
4.1750314057841225,-0.0024703049729236,5.464046927448871,0.0001,-0.01,9637.531
4.174853799624332,-0.0022593513331561,5.463557950776259,0.0001,-0.01,9642.937
4.174978587616093,-0.0005195338766927,5.47389389196307,0.0001,-0.01,9648.359
4.174775879030778,-0.0032289301162213,5.493500950759494,0.0001,-0.01,9653.781
4.174903740984337,-0.0031333069697015,5.498651865521383,0.0001,-0.01,9659.187
4.1750486659558455,-0.0006512008063839,5.505070192135411,0.0001,-0.01,9664.609
4.174941093448785,0.0011479047812886,5.520320621955899,0.0001,-0.01,9670.015
4.174971442714213,-0.0016198919583316,5.54421419982719,0.0001,-0.01,9675.437
4.174952243498117,-0.0008965253039298,5.558300668459316,0.0001,-0.01,9680.844
4.174920743743761,-0.0026422923908907,5.550310750761152,0.0001,-0.01,9686.265
4.174898318533427,-0.0010560802943587,5.546902476055962,0.0001,-0.01,9691.672
4.17493711409381,-0.0007300480655194,5.563921703553735,0.0001,-0.01,9697.094
4.174865405221231,-0.0018371084581514,5.5783960845650205,0.0001,-0.01,9702.515
4.175109186208499,-0.0068915834092876,5.604934177726912,0.0001,-0.01,9707.922
4.174858320322463,-0.0010783877435151,5.613336879356202,0.0001,-0.01,9713.344
4.174917107547459,-0.0048767444968732,5.635071574010539,0.0001,-0.01,9718.765
4.175151772811559,-0.0041894854511058,5.608130504320487,0.0001,-0.01,9724.172
4.175080795398245,-0.0028923542418587,5.627282410031183,0.0001,-0.01,9729.609
4.174956128697559,-0.0007792516584289,5.606059546294274,0.0001,-0.01,9735.031
4.175068636142141,0.0007350359884424,5.62947646487611,0.0001,-0.01,9740.437
4.174814060144743,-0.0012007883419212,5.659169040276923,0.0001,-0.01,9745.859
4.174920325109202,-0.0030812023345305,5.679425957398683,0.0001,-0.01,9751.281
4.175021940238407,-0.0002559337135221,5.698648960302455,0.0001,-0.01,9756.687
4.174861938995473,0.0020080040948521,5.695847517269926,0.0001,-0.01,9762.109
4.174754850563728,0.0001071150676611,5.697450385453404,0.0001,-0.01,9767.515
4.174941549603677,0.0045566277266623,5.698570678460868,0.0001,-0.01,9772.953
4.174928618816721,-0.0002812548724984,5.683677972036861,0.0001,-0.01,9778.375
4.17491443398787,-0.003478572130363,5.716825473272973,0.0001,-0.01,9783.781
4.174747264335066,0.001191052176427,5.720956532451677,0.0001,-0.01,9789.219
4.175055161791152,-0.0032736403882364,5.760678720462437,0.0001,-0.01,9794.64
4.174902033366382,-0.0020487542776644,5.750953758509356,0.0001,-0.01,9800.047
4.174961607649203,-0.0029203967889966,5.732754613378453,0.0001,-0.01,9805.469
4.174950959870776,-0.0015528567118808,5.7538897573429,0.0001,-0.01,9810.89
4.17483966873172,-0.0011412887106829,5.7514582379200885,0.0001,-0.01,9816.312
4.175357359784815,-0.0003912113511787,5.781103510369444,0.0001,-0.01,9821.734
4.175075046064369,-0.0014891255875827,5.795112481418561,0.0001,-0.01,9827.156
4.174712882532703,0.0043981797585627,5.785368054776068,0.0001,-0.01,9832.594
4.174875051497325,0.0021184244346235,5.788518708462683,0.0001,-0.01,9838.047
4.174898815138859,0.0011547637749687,5.774517603376389,0.0001,-0.01,9843.422
4.174722085606749,-0.0001258012496446,5.793017873106261,0.0001,-0.01,9848.844
4.174872488590587,0.0015288247568261,5.809224115964022,0.0001,-0.01,9854.281
4.174848348007537,-0.0034604205281212,5.8310853397352576,0.0001,-0.01,9859.687
4.175128032017012,-0.0027942860976455,5.844456751866042,0.0001,-0.01,9865.094
4.175048212320484,-0.0046906450429056,5.859599751047451,0.0001,-0.01,9870.515
4.174566383651461,0.0013799056487411,5.882736028872158,0.0001,-0.01,9876.203
4.174593882344416,-0.0011626458754398,5.878745194520054,0.0001,-0.01,9882.203
4.174709129198687,-0.0023910449959948,5.870015093071424,0.0001,-0.01,9888.14
4.174597517648611,-0.0004943016879276,5.870550915380521,0.0001,-0.01,9893.547
4.175191310972703,-0.0013217045917743,5.889702834316799,0.0001,-0.01,9898.953
4.17470492662788,-0.0034006935590723,5.900102755737128,0.0001,-0.01,9904.344
4.1748525736375885,-0.0015563442271703,5.8947414783759,0.0001,-0.01,9909.75
4.17508132854657,-0.0072069448308997,5.89928744278326,0.0001,-0.01,9915.172
4.174836562249211,-0.004538466449795,5.905468901445153,0.0001,-0.01,9920.594
4.174676162515501,-0.0037318150376763,5.931280556299379,0.0001,-0.01,9926.0
4.174750302201425,-0.0020682551663565,5.940308914533875,0.0001,-0.01,9931.422
4.174747113046819,-0.0028038406603883,5.935133848692519,0.0001,-0.01,9936.844
4.174476199319178,-0.0020616253621525,5.941895509844799,0.0001,-0.01,9942.25
4.175267842810813,-0.0030522014536443,5.935900335282924,0.0001,-0.01,9947.672
4.175013656579086,-0.0020749031659428,5.970663587052576,0.0001,-0.01,9953.094
4.174800860198505,-0.0026635336622682,5.972901754925113,0.0001,-0.01,9958.5
4.174259459694452,-0.0005383943060039,5.971327202423189,0.0001,-0.01,9963.922
4.175121778752336,-0.0065572577569942,5.976652427502468,0.0001,-0.01,9969.344
4.174812217481472,0.0006067127581316,5.974940124854214,0.0001,-0.01,9974.75
4.17515422589787,0.0023751822369334,5.972337059257503,0.0001,-0.01,9980.187
4.174779735595862,-0.0001425165159225,5.979631423902208,0.0001,-0.01,9985.594
4.174822422269385,-0.0015668189668029,5.97746512428942,0.0001,-0.01,9991.015
4.174876697339108,-0.0015311029241139,5.984793617642968,0.0001,-0.01,9996.453
4.174961637740688,0.000884877806435,5.987317319675814,0.0001,-0.01,10001.859
4.174790590729278,0.0032869111517766,6.006152581814187,0.0001,-0.01,10007.265
4.174422817070695,0.0002232208836364,6.0038856679827965,0.0001,-0.01,10012.703
4.175060906874487,0.0010986031848677,6.022448722700923,0.0001,-0.01,10018.109
4.175488242509987,-0.0046117733988247,6.017301051482446,0.0001,-0.01,10023.531
4.174772265337412,-0.0014241745265385,6.020766494259127,0.0001,-0.01,10028.953
4.174701827259824,-0.0025220526980352,6.027603080439842,0.0001,-0.01,10034.359
4.175159868420204,-0.0068202449700266,6.034713770322421,0.0001,-0.01,10039.781
4.174972213798124,0.000624898532257,6.040610632423236,0.0001,-0.01,10045.203
4.1752098570082135,0.0016981340496275,6.0497121358077095,0.0001,-0.01,10050.609
4.1747180234970855,-0.0067608044948481,6.062426419660557,0.0001,-0.01,10056.031
4.174748626831595,-0.0018242390228918,6.0654126943547135,0.0001,-0.01,10061.453
4.174628778478329,-0.0030438266070818,6.0621082491426606,0.0001,-0.01,10066.859
4.174715934520178,0.0025386659991122,6.078119192461373,0.0001,-0.01,10072.281
4.174732699554991,-0.0036466330826684,6.079501714634629,0.0001,-0.01,10077.703
4.174712219311586,-0.0025558633674962,6.082062023689018,0.0001,-0.01,10083.109
4.174603689899207,-0.0002356109831817,6.089407567848611,0.0001,-0.01,10088.531
4.174701473455217,-0.0013176691648494,6.099502116427886,0.0001,-0.01,10093.953
4.174731514814775,-0.0031419164265696,6.104164059558141,0.0001,-0.01,10099.359
4.1746082235694,-0.0072663473409393,6.108288496493386,0.0001,-0.01,10104.781
4.174786708057565,-0.0007979654198096,6.110872057797683,0.0001,-0.01,10110.203
4.1745987829161,-0.0017864921416446,6.1246819340912,0.0001,-0.01,10115.609
4.174711513021282,0.0008272092182317,6.128340262491258,0.0001,-0.01,10121.031
4.174544269261358,-0.0025188839895647,6.137921553812998,0.0001,-0.01,10126.437
4.174530782358291,-0.0014772820274936,6.134761089107614,0.0001,-0.01,10131.859
4.174537704012994,-0.0021229699708203,6.149727136026388,0.0001,-0.01,10137.281
4.174618057793214,0.0001256015618656,6.154789956004938,0.0001,-0.01,10142.703
4.174796063697847,-0.002516671616278,6.152020572260152,0.0001,-0.01,10148.125
4.174515798314452,-0.0028239267779151,6.15210981005033,0.0001,-0.01,10153.531
4.174600116014639,-0.002409598152831,6.162125337650123,0.0001,-0.01,10158.953
4.174629770822245,0.0007912735872021,6.171463158170993,0.0001,-0.01,10164.359
4.174606787428026,-0.0004853081240387,6.178254506218907,0.0001,-0.01,10169.781
4.174709148673846,-0.0013858492531147,6.180933175091915,0.0001,-0.01,10175.203
4.1746933634196015,-0.0012478756878573,6.188941368915508,0.0001,-0.01,10180.609
4.17456334305226,-0.002767141341246,6.190537979664011,0.0001,-0.01,10186.015
4.1744807193914495,-0.0004798905760066,6.199161971333092,0.0001,-0.01,10191.453
4.174716199189511,-0.000789949945092,6.206748408555933,0.0001,-0.01,10196.859
4.17467956303953,-0.0005464216679302,6.215656083752371,0.0001,-0.01,10202.281
4.174504472772197,-0.0020116426041569,6.22117503346953,0.0001,-0.01,10207.703
4.17457490941152,-0.0009291308071849,6.217720498163352,0.0001,-0.01,10213.109
4.174514947936382,-0.001989718407685,6.228360763074333,0.0001,-0.01,10218.531
4.174690675625911,-0.0008285841603011,6.237037659840063,0.0001,-0.01,10223.953
4.174772836669852,0.0006331089042018,6.241141581340983,0.0001,-0.01,10229.359
4.174606520498314,-0.0024530481464993,6.246987081166148,0.0001,-0.01,10234.781
4.17467592331431,-0.0027177343617112,6.260344305459596,0.0001,-0.01,10240.203
4.174762391493426,-0.0002337516361673,6.267510326003247,0.0001,-0.01,10245.609
4.174575656341992,-0.0033341979793048,6.272425431798779,0.0001,-0.01,10251.047
4.174590907612084,-0.0030148078145699,6.28105079172649,0.0001,-0.01,10256.469
4.174748104539166,-0.0033890100146806,6.280773033347827,0.0001,-0.01,10261.875
4.17446042601854,-0.0022789456745646,6.2916009928671945,0.0001,-0.01,10267.297
4.174694090501394,-0.0012663418402272,6.288033336126081,0.0001,-0.01,10272.703
4.1745941780059885,-0.0003406544888988,6.296472025124404,0.0001,-0.01,10278.109
4.174746589058398,-0.0016569629264546,6.311824351102239,0.0001,-0.01,10283.531
4.174524443759427,-0.0003687310399676,6.313373194070075,0.0001,-0.01,10288.937
4.174928168798443,-0.0008086851469209,6.32706750849629,0.0001,-0.01,10294.344
4.174695968087238,-0.0008963847708652,6.330068704291622,0.0001,-0.01,10299.765
4.174694116082175,-0.0018571856519506,6.331540703735968,0.0001,-0.01,10305.187
4.174695801647419,-0.0010957543842196,6.3404068021926445,0.0001,-0.01,10310.594
4.1745839793196025,-0.001762911998161,6.345111332654163,0.0001,-0.01,10316.015
4.17456634880819,-0.0011910229324514,6.3541749314262965,0.0001,-0.01,10321.437
4.17462369681243,-0.0032330690316368,6.358142807631512,0.0001,-0.01,10326.844
4.174696426572166,-0.0013921669773822,6.36093603011913,0.0001,-0.01,10332.265
4.174484933938823,-0.0025640370279832,6.36735140270719,0.0001,-0.01,10337.672
4.174435489708936,-0.0003222652882038,6.3730296505774415,0.0001,-0.01,10343.094
4.174434806834025,-0.000808805088645,6.379286038887902,0.0001,-0.01,10348.515
4.174650984912076,-0.0029424861584799,6.386183168416323,0.0001,-0.01,10353.922
4.174617634518333,-0.0014153977814142,6.394345473931736,0.0001,-0.01,10359.344
4.174476294815504,-0.0035879130228037,6.404161906885937,0.0001,-0.01,10364.75
4.174551472020242,-0.00175225664597,6.407798132280615,0.0001,-0.01,10370.172
4.174696058046936,-0.0023089733966838,6.403411836296797,0.0001,-0.01,10375.578
4.1747087978855575,-0.0013729577476396,6.420752876637989,0.0001,-0.01,10381.0
4.174512358262426,-0.0026294312706066,6.429899436957614,0.0001,-0.01,10386.422
4.174501421708521,-0.0011340439580134,6.427994347480182,0.0001,-0.01,10391.844
4.174577770159502,-0.0013653117373178,6.438915089942195,0.0001,-0.01,10397.25
4.174671847122434,-0.0018924746679319,6.4283346220635975,0.0001,-0.01,10402.656
4.174393031216631,-0.001690429378518,6.426842219648341,0.0001,-0.01,10408.078
4.174680075065741,-0.0024675942991021,6.388655400082171,0.0001,-0.01,10413.515
4.174520581203377,-0.0014107184982905,6.254580726617246,0.0001,-0.01,10418.922
4.174439994504369,-0.0013202927401019,5.994596085192261,0.0001,-0.01,10424.328
4.174581437041276,-0.0018234579324621,5.69676933895136,0.0001,-0.01,10429.75
4.174570367102951,-0.003795023774421,5.421231967013938,0.0001,-0.01,10435.156
4.174597146855013,-0.0020026203964827,5.265090073452392,0.0001,-0.01,10440.812
4.174484289614473,-0.0001328720403713,5.251945237169228,0.0001,-0.01,10446.234
4.174694058326408,-0.001767344756675,5.198292714013228,0.0001,-0.01,10451.687
4.174667257182941,-0.0043215919670543,5.117496345649544,0.0001,-0.01,10457.125
4.174581530468929,-0.0012957924030031,4.994934079724294,0.0001,-0.01,10462.578
4.174733512790575,-0.0009389229586385,4.924416250840282,0.0001,-0.01,10468.031
4.174618156228323,-0.001592988638624,4.847996428098303,0.0001,-0.01,10473.469
4.174661335777312,-0.0007984987560492,4.7711241821603085,0.0001,-0.01,10478.922
4.174871117315825,-0.0021269690701808,4.7107204146926325,0.0001,-0.01,10484.359
4.174755099306582,-0.0030193223484722,4.634807266688346,0.0001,-0.01,10489.812
4.174569684745164,-0.0013869454576914,4.538708183589547,0.0001,-0.01,10495.25
4.174723585729818,-0.0021775390296495,4.442984779222633,0.0001,-0.01,10500.703
4.174592159536751,-0.0013619024964233,4.384377364069075,0.0001,-0.01,10506.172
4.174760694232813,-0.0039801515723055,4.345638733858412,0.0001,-0.01,10511.594
4.174577943358239,-0.0016280315076306,4.327399204262341,0.0001,-0.01,10517.031
4.174720224649389,-0.0021255116842045,4.26582898685606,0.0001,-0.01,10522.5
4.174778488957874,-0.0016868481398429,4.191804143746501,0.0001,-0.01,10527.937
4.1748734985956695,-0.0046561449818683,4.106448672326254,0.0001,-0.01,10533.359
4.174710883058085,-0.0029259604812076,4.060180812883934,0.0001,-0.01,10538.797
4.17481470545221,-0.0035225607121485,4.010728914470016,0.0001,-0.01,10544.219
4.174773963063262,-0.0028692042899387,4.017933931658904,0.0001,-0.01,10549.656
4.174745621666352,-0.0037600194317662,3.921533244572308,0.0001,-0.01,10555.078
4.174831942061847,-0.001787430259373,3.84545362458592,0.0001,-0.01,10560.515
4.174782261787274,-0.0029977563299092,3.787797544444934,0.0001,-0.01,10565.953
4.174790596803311,-0.0033472443714608,3.726150563135546,0.0001,-0.01,10571.375
4.175020164851493,2.1175028109154324e-06,3.7609064730447033,0.0001,-0.01,10576.812
4.174707382477971,-0.0007816406294149,3.689648221444723,0.0001,-0.01,10582.234
4.175080563180858,-0.0018514682519109,3.6407959907985306,0.0001,-0.01,10587.656
4.174995357582355,-0.0022457192214157,3.613055277133083,0.0001,-0.01,10593.078
4.174970246944435,-0.0023435322439302,3.6064009699789743,0.0001,-0.01,10598.515
4.174974265948498,2.283554646182832e-05,3.683555582949366,0.0001,-0.01,10603.937
4.175004205074256,-0.002120687017608,3.8601925432543673,0.0001,-0.01,10609.375
4.1749200170350615,-0.0007465953561582,4.005107913358306,0.0001,-0.01,10614.797
4.174997386384477,-0.0014271174037352,4.157544429372225,0.0001,-0.01,10620.219
4.174966776298188,-0.0017364365279451,4.239717806377826,0.0001,-0.01,10625.656
4.175040811340231,-0.0022299025713689,4.264467367203157,0.0001,-0.01,10631.078
4.174897244526127,-0.0012261525900179,4.306654382573707,0.0001,-0.01,10636.5
4.175068504975062,-0.0023642922589908,4.321733622114293,0.0001,-0.01,10641.922
4.174959837690148,-0.0010602372407485,4.374057385143629,0.0001,-0.01,10647.344
4.175167107593428,-0.0001308500385784,4.428826315068896,0.0001,-0.01,10652.781
4.174923473564505,-0.001030253750759,4.501768365084632,0.0001,-0.01,10658.203
4.174934240244159,-0.0018733218669148,4.548898233740609,0.0001,-0.01,10663.625
4.175033074012604,-0.0014815451341777,4.540435112170711,0.0001,-0.01,10669.047
4.174828271508634,-0.0030771736878124,4.559506017135394,0.0001,-0.01,10674.469
4.174977281903443,-0.0013494269235479,4.60985467111725,0.0001,-0.01,10679.906
4.175149207275098,-0.0014105411697981,4.644516241974194,0.0001,-0.01,10685.328
4.17495443728962,0.0010176215754129,4.675301161767965,0.0001,-0.01,10690.75
4.174923374286172,-0.001127800284391,4.717468017005334,0.0001,-0.01,10696.172
4.174908278876394,0.0029079198057397,4.737300006872856,0.0001,-0.01,10701.609
4.175008660302245,-0.0032799770336379,4.737255715211411,0.0001,-0.01,10707.015
4.175062138432757,0.0014085467891021,4.747603058359699,0.0001,-0.01,10712.437
4.175009438068136,-0.0016313407189158,4.754497814472246,0.0001,-0.01,10717.859
4.174954056851783,-0.0034554227159829,4.76116057572275,0.0001,-0.01,10723.281
4.174934873180113,0.0020822973198019,4.786391006929373,0.0001,-0.01,10728.703
4.174977188807259,-0.0021237646765526,4.83722039741973,0.0001,-0.01,10734.125
4.17498032693593,-0.0010777370185226,4.8491928477418025,0.0001,-0.01,10739.547
4.174846971027559,-0.0030408843519691,4.865782936539405,0.0001,-0.01,10744.969
4.174803562764743,-0.0048292583615946,4.877533749501185,0.0001,-0.01,10750.375
4.175106684339263,-0.0008680597984594,4.890913942494634,0.0001,-0.01,10755.812
4.175021595893938,-0.0023373255231044,4.8994030401692665,0.0001,-0.01,10761.234
4.174936195335094,-0.0006174163970443,4.926469685452767,0.0001,-0.01,10766.656
4.174965114343179,-0.0005821378790463,4.963095857167394,0.0001,-0.01,10772.078
4.174667917006027,-0.00219962497578,5.005472466094665,0.0001,-0.01,10777.531
4.1747686071508605,-0.0016821577720815,5.035185927986515,0.0001,-0.01,10782.953
4.174936199138041,-0.0013892151138928,5.032814415109433,0.0001,-0.01,10788.39
4.174942200288542,-0.0006543384474003,5.029483862449743,0.0001,-0.01,10793.844
4.174924243980347,-0.0035286923293526,5.033370639428727,0.0001,-0.01,10799.265
4.175138759667589,-0.0017981502623143,5.033045930906764,0.0001,-0.01,10804.672
