Voltage_measured,Current_measured,Temperature_measured,Current_charge,Voltage_charge,Time
3.687096502974869,0.0004383436510631,26.03004409615256,0.0,0.003,0.0
3.35125780661867,-3.791529502108569,26.03292631610852,-3.785,1.506,2.5
3.801560934526676,1.5119187551037006,26.041070314865763,1.498,4.537,5.203
3.81255111208161,1.5085363409180892,26.048854668378464,1.498,4.553,7.750000000000001
3.8189140237648505,1.508712201750682,26.057087848958176,1.5,4.564,10.265
3.823856936123308,1.510666378634089,26.070471236248817,1.498,4.569,12.75
3.827379366950944,1.5081408426134235,26.066837730977237,1.5,4.575,15.203000000000005
3.830704586010144,1.5120874868087155,26.06494639563218,1.498,4.575,17.672
3.833128916445197,1.5099579679586337,26.065744478722404,1.5,4.58,20.203000000000003
3.835612852844233,1.5076550766588928,26.05604587704781,1.5,4.58,22.719
3.838099395159225,1.5130012021456638,26.058195617258885,1.5,4.58,25.312
3.8400002821870034,1.5110299157569729,26.050606381750093,1.5,4.586,27.781
3.841648861477912,1.505889660125462,26.047162950193755,1.5,4.586,30.25
3.843488795236057,1.508307896106635,26.04057196672603,1.498,4.591,32.719
3.845254323407612,1.5110747623790723,26.03636604245845,1.5,4.591,35.187000000000005
3.846707355451657,1.5105910899461317,26.03513941783606,1.498,4.591,37.672
3.8482613451236,1.5098225939542445,26.02508903600288,1.5,4.596,40.172
3.849589939556807,1.5129610411416476,26.025337073918813,1.5,4.596,42.64
3.850851190871791,1.5123538129204173,26.019243649921727,1.5,4.596,45.109
3.852240516931265,1.5108936014393346,26.012675502824017,1.5,4.596,47.64
3.8536846557060014,1.5112609709753928,26.004597786595387,1.498,4.596,50.156
3.854890056145644,1.5090427120952292,26.00581159885697,1.498,4.602,52.672
3.855755336135125,1.5102666156002642,25.9975650641122,1.5,4.602,55.203
3.856936101964613,1.5090936097361425,25.997354705665646,1.498,4.602,57.719
3.857983500160252,1.5074116016603951,25.987532260502032,1.498,4.602,60.25
3.859458655891447,1.5130257639810336,25.98261332909679,1.5,4.602,62.797
3.860447122727392,1.5122343436081025,25.978542263148366,1.5,4.607,65.328
3.861450602151184,1.5070136872065976,25.97035435486268,1.5,4.607,67.844
3.8625892645502353,1.5105776765179586,25.972349009584622,1.5,4.607,70.375
3.863420552860043,1.51154574924311,25.973367586048276,1.5,4.607,72.89
3.864778313669994,1.509237587508775,25.967872206169105,1.5,4.613,75.422
3.865732621613591,1.512597483397329,25.963831591550928,1.498,4.613,77.937
3.866623016061518,1.5079834325855277,25.96071132380694,1.5,4.613,80.453
3.867710323952213,1.5107696397202235,25.951779070713293,1.5,4.613,82.98400000000001
3.868655149740781,1.5096021408432458,25.940892888595823,1.498,4.613,85.5
3.869567033163036,1.5119597360214834,25.937064483286107,1.498,4.613,88.031
3.870643824050116,1.5112886838172934,25.93779021229846,1.5,4.618,90.547
3.871646611273088,1.508971542158198,25.934702254653,1.498,4.618,93.078
3.872780166126645,1.5104739243548242,25.93216343138345,1.498,4.618,95.594
3.8737106738684286,1.508112920664799,25.92569988859847,1.498,4.618,98.125
3.874633595314446,1.5099726876636232,25.92190867242624,1.5,4.618,100.64
3.875461829528688,1.5104401826058478,25.92282991956032,1.498,4.623,103.156
3.87641742372608,1.5101475473740762,25.92257670477657,1.5,4.623,105.687
3.877251192524576,1.5122078456196153,25.91322423708907,1.5,4.623,108.203
3.878105840361589,1.510170249993002,25.90495575689769,1.5,4.623,110.734
3.879378472952568,1.5131942197348145,25.91085290777163,1.498,4.623,113.25
3.880184512878013,1.50905195430713,25.902912952431087,1.498,4.623,115.734
3.8811600725956064,1.5129841532422543,25.904250703073345,1.5,4.629,118.219
3.881964731105628,1.512434958972939,25.89959235502508,1.498,4.629,120.687
3.882570471310185,1.5090352296316962,25.896829344687497,1.5,4.629,123.156
3.883563087168002,1.5111725129451226,25.89957501642699,1.5,4.629,125.672
3.884520109456161,1.5123778740725895,25.88702506558998,1.5,4.629,128.203
3.885369024974728,1.5113868141729705,25.89088088000393,1.5,4.629,130.719
3.886139535277836,1.509444712273676,25.888064734803255,1.498,4.634,133.25
3.8872572862288015,1.5109210497791277,25.887188556949244,1.5,4.634,135.765
3.8880291163266745,1.5104837505932334,25.881715921515863,1.498,4.634,138.297
3.8890327092466186,1.5091826139103566,25.876256319590222,1.498,4.634,140.812
3.889754534487477,1.5125559101624786,25.87892745550455,1.5,4.634,143.328
3.89046211519836,1.5106106209407315,25.874064594186265,1.5,4.64,145.828
3.891299236679838,1.5105214166592509,25.87634416620907,1.498,4.64,148.312
3.892080490664045,1.507853119703911,25.87281078465346,1.5,4.64,150.781
3.892893190591654,1.514252639141729,25.864954968749945,1.5,4.64,153.25
3.893786776429612,1.512870359181102,25.869553103158264,1.5,4.64,155.719
3.8943818625280593,1.5100696193619974,25.865635104562426,1.5,4.64,158.25
3.895399958718773,1.5097739300928363,25.864717673104103,1.5,4.64,160.765
3.896230162261696,1.508816292364905,25.8625238857405,1.5,4.64,163.344
3.896955862357242,1.5098802383861414,25.859975014317293,1.5,4.645,165.828
3.89777010458869,1.5111384727986052,25.856395601476308,1.5,4.645,168.297
3.898254505020148,1.5129157644895463,25.854799885611545,1.5,4.645,170.765
3.899215462277301,1.512319278883069,25.85410989570366,1.5,4.645,173.25
3.9001126873135834,1.5126524860651946,25.84959290953658,1.5,4.645,175.719
3.900702278688063,1.5108755901658482,25.837240602090425,1.5,4.645,178.234
3.901420509467605,1.513219025415465,25.846431168387863,1.5,4.645,180.75
3.90207772165512,1.51081909132953,25.857414438767965,1.5,4.65,183.281
3.9026727556912815,1.5081015576606531,25.840718929124407,1.5,4.65,185.797
3.903674001445688,1.512478842238818,25.8473047318669,1.498,4.65,188.328
3.9042895022659607,1.515065240460631,25.84048088203894,1.5,4.65,190.844
3.905168607876524,1.5119209318752758,25.840306836039275,1.5,4.65,193.359
3.906010519153795,1.5090314633849895,25.849876219603573,1.5,4.65,195.922
3.9066110124129967,1.510528100469324,25.83488704664313,1.5,4.656,198.39
3.907614134279288,1.5112640844270115,25.829675501723305,1.5,4.656,200.859
3.9079349063635873,1.512820848287754,25.82697426666392,1.498,4.656,203.328
3.908728463515858,1.5093755925109782,25.83067525940656,1.498,4.656,205.812
3.909161168455384,1.5143244259141777,25.832947062837803,1.5,4.656,208.328
3.910235160532616,1.5097258531442976,25.83348581059324,1.5,4.656,210.859
3.91064134532328,1.5086235598057556,25.826162241344534,1.5,4.656,213.375
3.911139402709952,1.510532113511959,25.830034750181632,1.498,4.661,215.906
3.911860648931941,1.5081274458400966,25.829320943034755,1.5,4.661,218.422
3.912845668673317,1.5119384739297992,25.828286408572705,1.498,4.661,220.953
3.913624978854975,1.5088581906076852,25.818512278845656,1.5,4.661,223.469
3.9138486582197176,1.5091001568208475,25.822416372564685,1.5,4.661,225.984
3.9147463766858346,1.5084380155858588,25.827933183778693,1.5,4.661,228.515
3.9151030460131513,1.508185447150005,25.82109037908437,1.5,4.661,231.031
3.9158936035050274,1.5123641589537111,25.81728737454355,1.5,4.661,233.562
3.916247332741719,1.5119647814444472,25.81893593628256,1.5,4.661,236.078
3.917444737733736,1.5128106627704514,25.809763981137763,1.5,4.661,238.625
3.9176518098264026,1.5094249331699487,25.809611445462945,1.5,4.667,241.094
3.918456278080795,1.512738792421955,25.81667394985677,1.5,4.667,243.562
3.919162916258646,1.5127746702663174,25.81557908013832,1.5,4.667,246.047
3.919703318173789,1.5113750187999375,25.81417443532182,1.5,4.667,248.562
3.920157533156008,1.5081006394059622,25.817343415123165,1.5,4.667,251.094
3.920714183563264,1.5097911469834682,25.81617268300933,1.5,4.667,253.609
3.921540738672289,1.5086722945974234,25.815620385526827,1.498,4.667,256.14
3.922096448022195,1.512055554840045,25.81748533043848,1.5,4.667,258.656
3.92263222865174,1.5110130941241526,25.814636345705797,1.5,4.667,261.187
3.923148567465321,1.510936915665873,25.804854082538945,1.5,4.672,263.703
3.9236653909591,1.5126706704044164,25.79902477172116,1.5,4.672,266.234
3.9242267945257394,1.510194066104096,25.79980530131212,1.498,4.672,268.75
3.924837498096304,1.508334435810614,25.80959160805229,1.5,4.672,271.265
3.9255073955757513,1.5121890339241162,25.81389746474372,1.498,4.672,273.797
3.925583522439265,1.514458806268917,25.799697464050283,1.498,4.672,276.312
3.926595897861369,1.514066935055222,25.79994978015084,1.498,4.672,278.844
3.9270656653294864,1.5123020956260336,25.79865483950764,1.5,4.672,281.359
3.9276062877789912,1.5149686529442772,25.79647050767557,1.5,4.672,283.828
3.9283552434629576,1.5120082533195296,25.800661902339478,1.498,4.677,286.297
3.928617782827677,1.512144272122221,25.79554954870736,1.5,4.677,288.781
3.929095942263456,1.5094485029973983,25.80210495647449,1.5,4.677,291.234
3.9296972761554967,1.51230142898965,25.80195869240494,1.498,4.677,293.765
3.930243393338417,1.5145308685131926,25.797881203919346,1.498,4.677,296.281
3.9306420981052224,1.5088312174812846,25.800121437024,1.5,4.677,298.812
3.9313025461686433,1.5074589393953022,25.797323682030104,1.5,4.677,301.328
3.931739766024952,1.5104296833626478,25.80272871547293,1.5,4.677,303.859
3.9323632227528784,1.507697358669476,25.79322889975838,1.5,4.677,306.375
3.932628518282082,1.5145088142037209,25.792878133472925,1.498,4.677,308.906
3.933324847568677,1.5097160967554364,25.79938097158842,1.5,4.683,311.422
3.933934117095827,1.5094187039485902,25.79443951679001,1.5,4.683,313.937
3.934587382170463,1.5066650737218508,25.79441795470005,1.498,4.683,316.469
3.9349010446487664,1.5112401400999982,25.801798849346365,1.498,4.683,318.984
3.935235786284776,1.5141544860039895,25.79603794618267,1.5,4.683,321.515
3.9357458499625846,1.511027488009495,25.795244197482976,1.5,4.683,324.031
3.936438041024685,1.513452391755023,25.794262307146514,1.498,4.683,326.562
3.9367902140937807,1.5113574214690173,25.797766321898333,1.5,4.683,329.078
3.937392601670621,1.5113045718697204,25.795506402622717,1.498,4.683,331.594
3.937819528674384,1.5123594253588544,25.797439799898772,1.498,4.683,334.125
3.938000996172889,1.509697839105075,25.794642190059925,1.498,4.683,336.625
3.93858668344749,1.5087867839604885,25.793828173185226,1.498,4.683,339.094
3.9390601142516792,1.5100014548804783,25.79039014892834,1.5,4.688,341.625
3.93952919173256,1.5109764380949473,25.794715143071407,1.498,4.688,344.14
3.940080680679445,1.5101597739906278,25.796852685117056,1.5,4.688,346.672
3.9402905413369047,1.5101467462108544,25.79858972751741,1.5,4.688,349.187
3.940888712714972,1.5085930672432986,25.796096309040387,1.5,4.688,351.719
3.941264297840319,1.5127984875658258,25.790970264975563,1.5,4.688,354.234
3.9416448067923247,1.511743158500872,25.79347061121172,1.5,4.688,356.75
3.94216261946748,1.507762371024791,25.79404466324412,1.498,4.688,359.281
3.9426858534082583,1.510805471497231,25.791580350846115,1.5,4.688,361.797
3.943188937778059,1.510910972057771,25.79102914751451,1.5,4.688,364.328
3.943215522394072,1.510305135217156,25.78975713566509,1.5,4.688,366.844
3.943855964885853,1.509218963545773,25.7917035927676,1.5,4.688,369.375
3.9445576531306585,1.508327552540884,25.792823100658577,1.5,4.694,371.922
3.9448234174179393,1.5136792571065512,25.79200027559672,1.5,4.694,374.437
3.945516199816897,1.5129842512474625,25.804817246630723,1.498,4.694,376.969
3.9455676053535154,1.5105407286333523,25.7998843358998,1.498,4.694,379.484
3.946002831173855,1.5112861565304294,25.80661942764672,1.5,4.694,382.015
3.946539052862213,1.5066985570692706,25.80226569985968,1.498,4.694,384.531
3.9465490547327033,1.5090432276836203,25.806359861188568,1.498,4.694,387.062
3.947358156346385,1.5105323797063128,25.806778983361863,1.498,4.694,389.578
3.947663778428796,1.512866967267836,25.80782808667504,1.5,4.694,392.094
3.94841266383252,1.5103967987844031,25.79867595214866,1.5,4.694,394.625
3.9482415150457575,1.5138423989055154,25.80245495344529,1.5,4.694,397.172
3.9491225206659903,1.5105912197989235,25.806551085813503,1.498,4.694,399.672
3.9490608351141705,1.5114012640609098,25.800757668634272,1.5,4.699,402.172
3.9498603419404015,1.5117505021083102,25.80397950115352,1.5,4.699,404.672
3.950051730070375,1.5110361935868404,25.807668030465504,1.5,4.699,407.203
3.9501271778411526,1.5098826799868486,25.803296857896136,1.498,4.699,409.719
3.950638413069653,1.515223813835933,25.80838298313512,1.5,4.699,412.25
3.951185616363867,1.5128359149921806,25.80268421919632,1.5,4.699,414.765
3.95113388844044,1.513072090941238,25.80404210711228,1.498,4.699,417.297
3.951707755634633,1.5117032579838232,25.801074532054248,1.498,4.699,419.812
3.952190136757968,1.5107060879232934,25.808822028284773,1.5,4.699,422.328
3.9524523036935286,1.5124374363183322,25.80826839311517,1.5,4.699,424.859
3.952932621883774,1.509952104243816,25.8145240787552,1.498,4.699,427.375
3.953254086230965,1.5134312831427068,25.816171943050254,1.498,4.699,429.906
3.953551164132989,1.5120072863238947,25.80805950819626,1.498,4.699,432.422
3.954167333923552,1.5119302991884491,25.8080072909293,1.5,4.704,434.953
3.954353584186424,1.5116566078621585,25.819922228534036,1.5,4.699,437.469
3.9546277125561664,1.5098873480963169,25.8189000586631,1.5,4.704,440.0
3.9548662658033575,1.512389061685891,25.82155743056236,1.5,4.704,442.515
3.9554874823531017,1.509219752907925,25.819485575016145,1.5,4.704,445.047
3.955653834047575,1.5116972413797047,25.82089378579262,1.498,4.704,447.562
3.9560808091065214,1.5134105613602538,25.82270624003766,1.5,4.704,450.078
3.956486382737745,1.510683710024989,25.827990184995777,1.5,4.704,452.609
3.956729237611381,1.5119994312527172,25.817265305899674,1.5,4.704,455.125
3.957238889541797,1.5109072798438257,25.82011528989652,1.5,4.704,457.656
3.957273609910871,1.5132756333302797,25.81945547690554,1.5,4.704,460.172
3.9578483475042647,1.509350886238016,25.82524255698869,1.5,4.704,462.687
3.9581575189598777,1.5115637656564114,25.824881635319148,1.5,4.704,465.25
3.958582992640667,1.5087724307677552,25.821644066655807,1.5,4.704,467.765
3.958816730374416,1.510309382364894,25.823738268197477,1.5,4.704,470.281
3.959046590578184,1.5086722112767017,25.82672001592142,1.5,4.704,472.812
3.95939356686451,1.510036373109664,25.832915760229987,1.5,4.704,475.328
3.959825500068701,1.5121643050039426,25.8297605833774,1.5,4.704,477.859
3.960049761906312,1.5110383634357687,25.839212537568308,1.498,4.704,480.359
3.960132975635245,1.5123460504828037,25.82875378939944,1.5,4.71,482.828
3.960605452783091,1.510250830605784,25.829775232461635,1.5,4.704,485.297
3.96094918911901,1.509681446404529,25.8352361111521,1.498,4.71,487.828
3.961107828168743,1.5111908570602337,25.83254209131297,1.498,4.71,490.344
3.961318280449797,1.5107191223782337,25.83147872121317,1.5,4.71,492.859
3.9618591846456814,1.5136854583947852,25.83624033234968,1.498,4.71,495.39
3.9622785796552034,1.5106104849594184,25.845222008200054,1.5,4.71,497.906
3.96242604523018,1.5127578373492256,25.839835974770374,1.498,4.71,500.437
3.9628716532849344,1.5136683732332616,25.83498161067442,1.5,4.71,502.953
3.963064759784058,1.511873258707206,25.8396781777486,1.5,4.71,505.484
3.963331442914068,1.5115309520212958,25.84423000807102,1.5,4.71,508.0
3.9637504301779702,1.509612230400448,25.847772500898547,1.5,4.71,510.531
3.963962423645061,1.5134046328425208,25.85412132565568,1.5,4.71,513.047
3.9641471915374127,1.508790391665966,25.84763060619804,1.5,4.71,515.562
3.9647141548539615,1.5113776221109836,25.856953878393583,1.498,4.71,518.094
3.9649592674826177,1.5133749441101711,25.85434350936656,1.498,4.71,520.64
3.965144689222194,1.5101870003676086,25.848654841174543,1.498,4.71,523.109
3.9653047242303434,1.5066928820733003,25.85242631291907,1.5,4.715,525.609
3.9656847810023095,1.510214278301638,25.85632810895852,1.5,4.715,528.187
3.966144597752774,1.5112070450322137,25.8539004034224,1.498,4.715,530.703
3.966183760661527,1.510918807262812,25.859881612127037,1.498,4.715,533.234
3.966635880420331,1.510420793781947,25.85396834327687,1.5,4.715,535.75
3.967081508602362,1.5085897431375677,25.86115875379001,1.5,4.715,538.281
3.967410358349316,1.5151434192500994,25.8638146882891,1.5,4.715,540.797
3.967456366743244,1.5124292613551098,25.865641733345637,1.5,4.715,543.328
3.96788388304152,1.514442001475962,25.864451296808905,1.498,4.715,545.844
3.9681987732948696,1.5103791033640883,25.864956735872827,1.5,4.715,548.359
3.968315087503692,1.509141813743942,25.866453559387004,1.5,4.715,550.89
3.9687402497292616,1.5109425598413322,25.86643800360269,1.498,4.715,553.406
3.96925671091031,1.5106619782078672,25.876582376684823,1.498,4.715,555.937
3.9694647039923376,1.5079823854399352,25.876067983036386,1.498,4.715,558.453
3.969731658484261,1.508084462062511,25.88152934198817,1.5,4.715,560.984
3.969767829542777,1.511778813537898,25.885220848705377,1.5,4.715,563.5
3.970347300060769,1.5140601274510952,25.884931692308875,1.5,4.715,566.031
3.970843510714133,1.5105988606686669,25.8817303971077,1.5,4.715,568.547
3.970869189718022,1.5134615473800794,25.886446814630037,1.498,4.721,571.062
3.9712430803132768,1.5122712390969708,25.885920504380326,1.498,4.721,573.594
3.971666159513584,1.5092449286729297,25.88012358336703,1.5,4.721,576.109
3.971722742200293,1.510217988632034,25.88026840128596,1.5,4.721,578.64
3.972100840114638,1.5089317739397337,25.8854725721386,1.498,4.721,581.156
3.972311301961831,1.513887567318575,25.888145179315487,1.498,4.721,583.687
3.972851874063588,1.5107291651003605,25.88838674518364,1.5,4.721,586.203
3.972918301974296,1.5146364264109096,25.887633777621687,1.498,4.721,588.719
3.973350830768613,1.5111122212708454,25.887489572279858,1.5,4.721,591.281
3.9735107055583967,1.5151172929909131,25.891020904164368,1.5,4.721,593.797
3.973807976358923,1.5099591653253146,25.896768393780597,1.5,4.721,596.312
3.973957413603205,1.5111636616122277,25.89655556775985,1.498,4.721,598.844
3.9745273016625258,1.509064525360979,25.895503614034567,1.5,4.721,601.359
3.974782979488568,1.511834196801528,25.89904778727945,1.5,4.721,603.89
3.975143666522152,1.511144292218681,25.90087748256537,1.498,4.721,606.406
3.975154914943373,1.5109122782401905,25.90400729532927,1.5,4.721,608.875
3.9757393136656014,1.5098137317269718,25.91127793213111,1.498,4.726,611.39
3.975876843335977,1.5120673245968377,25.906854445738706,1.498,4.721,613.906
3.976251813098414,1.5118136445109411,25.912014462603956,1.5,4.726,616.375
3.97643726984415,1.5122834828543683,25.90994174506813,1.498,4.726,618.844
3.976488965922032,1.5062247915501945,25.91651501562791,1.5,4.726,621.375
3.977207154661184,1.509215224903239,25.919937420145423,1.5,4.726,623.906
3.977224809527757,1.508179674694016,25.929850102275584,1.498,4.726,626.422
3.977883585611929,1.5138829116603842,25.924288148356464,1.498,4.726,628.953
3.977832638200794,1.5128019421020595,25.92552048472448,1.5,4.726,631.469
3.9779846079634993,1.5145255906531203,25.928659607457853,1.5,4.726,633.984
3.9787796040933374,1.5091738803392123,25.92979560664501,1.5,4.726,636.515
3.978607501446363,1.5127436006903836,25.931938225230283,1.498,4.726,639.031
3.979075130448315,1.513542644229814,25.93828678372282,1.5,4.726,641.562
3.9795242610897232,1.5120876314495597,25.94285892729665,1.498,4.726,644.078
3.9790992581444513,1.5118495148624382,25.93750731861373,1.5,4.726,646.609
3.980068181750097,1.508117811865356,25.938286732075884,1.5,4.726,649.125
3.980367266599632,1.5131961213770928,25.939914824263013,1.5,4.726,651.687
3.980399086922024,1.508727658577067,25.94750426816564,1.5,4.726,654.203
3.9812881918870273,1.5088166206213631,25.95399807206517,1.5,4.726,656.734
3.981112118911296,1.509389835181583,25.955147384764324,1.498,4.726,659.25
3.9813824459783542,1.5114551083224188,25.96576746439383,1.5,4.726,661.781
3.981874891094855,1.509002802520355,25.961366556434207,1.498,4.726,664.297
3.982029905469974,1.510360558393407,25.967749775378497,1.5,4.731,666.828
3.982202981873849,1.510867315896892,25.97237193964681,1.498,4.731,669.344
3.982659322836159,1.5110587391970598,25.972919382938223,1.498,4.731,671.859
3.982881143161417,1.5078332123436875,25.96697064757468,1.498,4.731,674.39
3.983155629223907,1.5086626554427116,25.973997363310698,1.5,4.731,676.906
3.983599178660759,1.5121767430252115,25.97565047904096,1.498,4.731,679.437
3.98392621378091,1.512697918439986,25.976981588996917,1.5,4.731,681.953
3.983953322275557,1.5085510728683058,25.977015494565936,1.498,4.731,684.484
3.984140771781468,1.5103575216122287,25.977245966643903,1.5,4.731,687.0
3.984799104989891,1.5088588227636486,25.98313038588123,1.498,4.731,689.531
3.984997382847885,1.5129557885737297,25.98535911094581,1.5,4.731,692.047
3.984983616067465,1.5087650990411938,25.985410702315104,1.5,4.731,694.562
3.985622280129271,1.5094542888446922,25.993093613531062,1.5,4.731,697.094
3.9857676248878766,1.5088737079081835,25.99487914220395,1.5,4.731,699.609
3.986292303799273,1.5073479683963389,25.99514805917397,1.498,4.731,702.14
3.9864927763905382,1.510031876151286,25.99987660004953,1.5,4.731,704.656
3.986772715394146,1.5130366232551344,25.998953080963798,1.5,4.731,707.125
3.987097157472821,1.5121611049505246,26.007464799387016,1.5,4.731,709.594
3.9871463177311215,1.511926544567752,26.0034649232772,1.5,4.737,712.078
3.9875902101230767,1.510558282747983,26.007967821419843,1.5,4.737,714.547
3.987959641052781,1.5117468740170137,26.00758055025905,1.5,4.737,717.078
3.988161688061181,1.512429929372148,26.011011982488554,1.5,4.737,719.594
3.988511866936361,1.5098492267829258,26.013618965026623,1.5,4.737,722.125
3.9887814232846095,1.5115598905974923,26.015501243735407,1.498,4.737,724.64
3.9891334410385935,1.5132044583683812,26.01867307628388,1.5,4.737,727.172
3.989425374653812,1.5102703001314914,26.01742844353324,1.5,4.737,729.687
3.9896458622988527,1.5103258615850612,26.022646772807736,1.498,4.737,732.219
3.989745384900034,1.5098626243655833,26.026345856362138,1.5,4.737,734.734
3.990215995884052,1.5162075461675972,26.02082044749963,1.5,4.737,737.25
3.990474201515024,1.508151294557234,26.02975174649235,1.498,4.737,739.781
3.990717923461877,1.5142725453514871,26.02644429495148,1.5,4.737,742.297
3.990933151820288,1.5139841607942346,26.033610524788735,1.498,4.737,744.828
3.991485205203168,1.5095134537057786,26.033724751114185,1.5,4.742,747.344
3.991709092402268,1.5109815545930028,26.042285014725465,1.5,4.737,749.875
3.9918976328320137,1.5102045150945285,26.04529574984681,1.5,4.742,752.39
3.992235409892408,1.512546595322397,26.0535770830008,1.5,4.742,754.922
3.992531314872096,1.5104038189269655,26.05873021736728,1.5,4.742,757.437
3.992775977868746,1.5115445754441676,26.05567932626371,1.498,4.742,759.953
3.993212389877536,1.513043274892127,26.055869792676862,1.498,4.742,762.484
3.99341052065457,1.5117844972545766,26.05995202898264,1.5,4.742,765.0
3.9936616885503446,1.5085996363900822,26.060739223417105,1.5,4.742,767.531
3.9937734426783655,1.5110385415756338,26.06128632894129,1.498,4.742,770.078
3.994246203737496,1.5081811418244446,26.059371840212265,1.5,4.742,772.609
3.9947128469911912,1.510449606485479,26.059698315882144,1.498,4.742,775.125
3.994848083844337,1.5079696707873025,26.062707458886383,1.5,4.742,777.64
3.9950222045551183,1.5092562547670163,26.069368813182276,1.498,4.742,780.172
3.995289667497524,1.509170135273419,26.07184714026793,1.5,4.742,782.687
3.9958130011893824,1.5118564707207875,26.0737067897454,1.5,4.742,785.219
3.99591942341017,1.510781778345835,26.078389225998528,1.5,4.742,787.734
3.996276935919993,1.5123326985204222,26.079034480965287,1.5,4.742,790.25
3.9965782542248736,1.5094240913099144,26.085063215406425,1.5,4.742,792.75
3.9968724461224174,1.5111213694516714,26.102044918672632,1.5,4.742,795.219
3.996948241867585,1.5124641465187778,26.100877812284622,1.498,4.748,797.687
3.997268083250629,1.5108365414561404,26.10500314442981,1.5,4.742,800.156
3.99784881793116,1.509604978801069,26.107987314124347,1.5,4.748,802.64
3.997799771545142,1.5118653989378346,26.10691827476235,1.5,4.748,805.172
3.998523697499628,1.5096886141498294,26.10763211506371,1.498,4.748,807.687
3.998540886012474,1.5138350006784422,26.107258349449378,1.5,4.748,810.203
3.998647263728445,1.512885266876119,26.10586852661276,1.5,4.748,812.734
3.9988979746178392,1.5103529656873933,26.11977820404298,1.5,4.748,815.25
3.9992115344553385,1.5138136777324038,26.11971568292665,1.498,4.748,817.781
3.999698143966441,1.510216970542252,26.12146618319824,1.5,4.748,820.297
4.00010323602609,1.5103801605462606,26.13196956097981,1.498,4.748,822.828
4.000248727718666,1.5117267569093409,26.12804807352814,1.5,4.748,825.344
4.00024990157035,1.5136313041479734,26.123601605570187,1.5,4.748,827.875
4.000968519220661,1.5079113963919617,26.137217162119544,1.498,4.748,830.39
4.001158743463806,1.5126603461002428,26.139845878200024,1.5,4.748,832.922
4.001397334373788,1.5140816013473672,26.14252863133239,1.498,4.748,835.437
4.001652241979133,1.5100126773800566,26.14479839704484,1.498,4.748,837.969
4.001932215470074,1.5089724548764971,26.14496950906899,1.498,4.748,840.484
4.002277620785674,1.5132790609719675,26.14621474199809,1.498,4.748,843.015
4.002564118638261,1.5077128629184453,26.15795505896985,1.5,4.753,845.531
4.002799284074075,1.5101350733975654,26.156278950304102,1.498,4.748,848.047
4.00306971050089,1.5094323423669915,26.16081776465865,1.5,4.753,850.578
4.003480130037876,1.5058982802721896,26.167120293019888,1.5,4.753,853.094
4.003671699385753,1.5112893093744,26.16446550480126,1.5,4.753,855.625
4.0039122448166085,1.5110799654259823,26.16831570364917,1.5,4.753,858.14
4.004221454930612,1.511814564518921,26.17185938063768,1.5,4.753,860.656
4.0044843632906,1.5115475546406858,26.176449855634964,1.498,4.753,863.219
4.004770264965689,1.5075801680263483,26.18319976845213,1.5,4.753,865.734
4.004879015616843,1.5076865685258376,26.18381240595877,1.498,4.753,868.265
4.005260115199638,1.5107495104467787,26.185843289065595,1.5,4.753,870.781
4.005491183893002,1.5097304199113724,26.183280528228597,1.5,4.753,873.312
4.005542817860432,1.510321629128948,26.18631747782044,1.5,4.753,875.828
4.006228811824906,1.5101702158392938,26.19497968921932,1.5,4.753,878.344
4.006647111176805,1.5106610879320936,26.19938362917176,1.498,4.753,880.875
4.00670306518792,1.5104731096981037,26.200679820882577,1.5,4.753,883.39
4.006889152381901,1.5098710831586004,26.205212296830585,1.5,4.753,885.922
4.007250451446423,1.5112551911956489,26.20679881592511,1.498,4.753,888.437
4.007720401871087,1.505851913150954,26.20941804024913,1.5,4.753,890.953
4.007913710934205,1.5087278549194083,26.21043916569217,1.498,4.753,893.484
4.008091303717665,1.51054107167295,26.20839587109388,1.5,4.753,895.953
4.008287383594819,1.512214032062512,26.209725274278757,1.498,4.753,898.469
4.0085744568275015,1.5087870707392146,26.222702697471057,1.5,4.753,900.922
4.009051857456229,1.5105067751910546,26.22790934222695,1.5,4.753,903.39
4.009607393558662,1.510610596786717,26.23003464568482,1.5,4.758,905.859
4.009393786408159,1.5097410308421737,26.23574330146666,1.5,4.758,908.39
4.009583865535214,1.511436188944273,26.227060731694998,1.5,4.758,910.906
4.009920531979673,1.5126493263875236,26.2338964456026,1.5,4.758,913.422
4.01044521503394,1.5099504840198998,26.239703671920196,1.5,4.758,915.953
4.010804589857066,1.512355115895653,26.24171230695404,1.5,4.758,918.469
4.010859418905764,1.5073071916283924,26.244553866113502,1.498,4.758,921.0
4.011256485661706,1.511387210741355,26.25022931551999,1.498,4.758,923.515
4.011466354373251,1.5090245267237936,26.25212413333124,1.5,4.758,926.047
4.011715875476353,1.5113497324331486,26.2531694447076,1.5,4.758,928.562
4.01235738523982,1.5129241616481484,26.255662118816502,1.5,4.758,931.094
4.012785143201819,1.514201353386659,26.2569855191768,1.5,4.758,933.64
4.012662708976866,1.507673796213179,26.27354456466309,1.5,4.758,936.156
4.012682591878341,1.511905906037432,26.27655594430706,1.5,4.758,938.687
4.013039129397731,1.509166133175878,26.26666670860948,1.5,4.758,941.203
4.013226949871037,1.5098620924021589,26.2781290889687,1.5,4.758,943.719
4.0138651187864784,1.5119778895383995,26.27482306951673,1.498,4.764,946.25
4.013785732813146,1.5072574326941346,26.282291106756933,1.5,4.764,948.765
4.014144541789447,1.5124965217794952,26.28261663056292,1.5,4.764,951.297
4.0145357077051065,1.5101065392870725,26.288522603933416,1.5,4.764,953.812
4.014726849304888,1.5106861121559731,26.29128835737691,1.5,4.764,956.344
4.015317670054456,1.509730935149865,26.291745466467628,1.5,4.764,958.859
4.01559805748551,1.5120842001480377,26.29658308394717,1.5,4.764,961.39
4.015965399054316,1.5147000671315027,26.29465758121522,1.5,4.764,963.906
4.016253267416272,1.5111740996523777,26.297506490185327,1.5,4.764,966.437
4.016338199948184,1.50983149944231,26.30998072088614,1.5,4.764,968.953
4.016487608752854,1.511152508272679,26.3051721151768,1.5,4.764,971.469
4.0167065436685325,1.5087495232886206,26.310935274014064,1.5,4.764,974.0
4.017204544127022,1.5087279252266987,26.315389284957966,1.5,4.764,976.515
4.017620380927118,1.508473530137241,26.32023244322396,1.498,4.764,979.047
4.017988251097175,1.509258932903316,26.323125580940378,1.498,4.764,981.562
4.017883314129085,1.5092641928423114,26.33346076347749,1.5,4.764,984.094
4.01833213933255,1.5082514162762022,26.33127222217653,1.5,4.764,986.562
4.018489431129431,1.5117297957415965,26.33807317102437,1.5,4.764,989.062
4.018701166799771,1.5104005649008814,26.344446655557427,1.5,4.769,991.531
4.018970913680643,1.5117039400700183,26.343847274349795,1.5,4.764,994.0
4.019471153641346,1.5130306337035573,26.34109582588763,1.5,4.769,996.469
4.019810894965589,1.512112724212879,26.3517008928958,1.5,4.769,998.984
4.019851397801383,1.5110115753037927,26.34738989670248,1.5,4.769,1001.515
4.020136313080214,1.513180717196517,26.35987129144485,1.5,4.769,1004.031
4.020487472159705,1.5107889618736856,26.354263840123128,1.498,4.769,1006.562
4.020842166962018,1.5096149164328831,26.37277217673047,1.498,4.769,1009.078
4.0212087815254005,1.5125512042697342,26.368730760740352,1.5,4.769,1011.594
4.02169701689504,1.5130134666967316,26.368581522712827,1.5,4.769,1014.125
4.021623295779115,1.5118057447025015,26.37736205597281,1.5,4.769,1016.64
4.021958242917318,1.5114117230246276,26.38007624226343,1.498,4.769,1019.172
4.022236648147124,1.5123212129532402,26.38437575742104,1.498,4.769,1021.687
4.022702254830774,1.5109261846233388,26.38485542511912,1.5,4.769,1024.219
4.022769611358733,1.5102934612424634,26.39161688425892,1.498,4.769,1026.734
4.022959123212863,1.5096857801810972,26.39007874889041,1.498,4.769,1029.265
4.023524075134643,1.5111264513595233,26.39497469504436,1.498,4.769,1031.781
4.023860848281301,1.5104309422730655,26.399512356663998,1.498,4.769,1034.281
4.0238899119444245,1.5128970604206025,26.40565834451405,1.5,4.769,1036.75
4.0243148245615865,1.5100457585826217,26.4038265152481,1.5,4.775,1039.219
4.024410621484486,1.5093265527295716,26.406951226011397,1.498,4.775,1041.719
4.024945036278843,1.5105143202127038,26.41203681244636,1.498,4.775,1044.187
4.025075124897513,1.5136652994788111,26.413568645881558,1.5,4.775,1046.672
4.025393199410704,1.511903925469721,26.420375446001064,1.498,4.775,1049.14
4.025649948037187,1.5112323703829205,26.41982934133829,1.498,4.775,1051.609
4.025815396164789,1.5126725515821764,26.42930815956174,1.5,4.775,1054.094
4.026190637744909,1.5104525768990318,26.42931786867181,1.5,4.775,1056.609
4.02656037060783,1.5080367758879192,26.42830724139206,1.5,4.775,1059.14
4.026872157016379,1.5112489546488677,26.435392192703564,1.498,4.775,1061.656
4.0269489745154905,1.5118728921069788,26.439594166469465,1.498,4.775,1064.187
4.02721402408624,1.5132201370322722,26.450556090110105,1.5,4.775,1066.703
4.027807409028258,1.5119388421268605,26.454340183609315,1.498,4.775,1069.234
4.027903587990875,1.5085847363723306,26.456463635269262,1.5,4.775,1071.75
4.028402214170486,1.511137971865003,26.468780616774744,1.5,4.775,1074.281
4.02853404166475,1.5118175034133772,26.47112896130277,1.498,4.775,1076.797
4.028689715494274,1.509582323819204,26.46351493247394,1.5,4.775,1079.328
4.02919848219911,1.5095003327319212,26.4734678596647,1.498,4.775,1081.844
4.029528978113555,1.510036236396908,26.47601518056924,1.498,4.775,1084.359
4.029597234650523,1.51219120245287,26.47431552590725,1.498,4.775,1086.89
4.029925706145048,1.5110421026327685,26.482430614385805,1.5,4.78,1089.406
4.030094904080778,1.513460472752449,26.47790307217725,1.5,4.78,1091.937
4.030785665630951,1.513317432753022,26.495359669182825,1.498,4.78,1094.453
4.030661730920264,1.5119336471564349,26.49219546567169,1.5,4.78,1096.984
4.031061723432966,1.5089467328444297,26.49360686006888,1.498,4.78,1099.5
4.031106500408817,1.5124938526323397,26.50469740134499,1.5,4.78,1102.015
4.031715327368479,1.5130133751990344,26.502996213392382,1.5,4.78,1104.547
4.032135051424839,1.510219089695668,26.503503561923704,1.5,4.78,1107.094
4.032362748690831,1.5108565995188457,26.50410525686153,1.5,4.78,1109.625
4.032521813489126,1.5116564360714226,26.50478136884392,1.5,4.78,1112.14
4.033033613075991,1.5106928710535037,26.508934585314588,1.498,4.78,1114.672
4.0330992723174965,1.5089981397810643,26.517473091574395,1.5,4.78,1117.187
4.033638037656143,1.5079616300761396,26.522912901425023,1.5,4.78,1119.719
4.03375074727604,1.512318043425493,26.523603777214163,1.498,4.78,1122.234
4.0337864288915055,1.5113458188018505,26.532357074280394,1.498,4.78,1124.75
4.034430179676274,1.5099879470625766,26.533421262103737,1.5,4.78,1127.25
4.034698097865708,1.5137818119522402,26.54268462747196,1.498,4.785,1129.812
4.034879475229463,1.5096356100562598,26.548440184409223,1.5,4.78,1132.344
4.035330355214551,1.5113815041447969,26.54798559752615,1.5,4.785,1134.859
4.035634312947946,1.5118027292670655,26.557341252636533,1.498,4.785,1137.344
4.035903495870167,1.510859793833907,26.56170731877907,1.5,4.785,1139.812
4.036460336708145,1.5101477451488108,26.56289770379952,1.5,4.785,1142.281
4.036714012037092,1.5105800824809497,26.564276460670737,1.498,4.785,1144.75
4.03660135122532,1.510909478182504,26.57382923878688,1.5,4.785,1147.281
4.037096075307797,1.5101083590870124,26.56994965726927,1.5,4.785,1149.797
4.037265236255492,1.5101554639117536,26.58283014145067,1.5,4.785,1152.328
4.037473986256799,1.510221179670479,26.585730491310297,1.498,4.785,1154.844
4.037974970652629,1.507899638303564,26.588930802415284,1.498,4.785,1157.375
4.03808029622438,1.5118345211282125,26.58654264248268,1.5,4.785,1159.89
4.038544570070821,1.5123319593015263,26.595629275778748,1.5,4.785,1162.406
4.0388805877746,1.5095224367184124,26.598917946045688,1.5,4.785,1164.937
4.039099636694706,1.5113815518441645,26.606259640395667,1.5,4.785,1167.453
4.039584710966054,1.507467902054995,26.604090929591077,1.498,4.785,1169.984
4.040110845593665,1.5122182862285665,26.6080477819952,1.5,4.785,1172.5
4.040197238317928,1.5119447836229756,26.60935105179882,1.5,4.785,1175.031
4.040179201627889,1.5107240314829842,26.61075867323768,1.5,4.785,1177.547
4.040774233163741,1.5118344100461087,26.61732651113365,1.5,4.791,1180.078
4.040866557835774,1.5120407739437558,26.61995984872205,1.5,4.791,1182.594
4.041342782429097,1.5117995297070783,26.6249749498544,1.5,4.791,1185.125
4.041571376378343,1.5086712534135032,26.6316218992864,1.5,4.791,1187.64
4.04194456381927,1.5099411380178784,26.631763821303604,1.5,4.791,1190.156
4.042326073519185,1.5100686863460104,26.63839875000464,1.5,4.791,1192.687
4.042618181525175,1.5119513917466911,26.64959526376025,1.498,4.791,1195.203
4.04288595216777,1.510509644885295,26.654774240799192,1.498,4.791,1197.734
4.043105569018392,1.510961263351488,26.65666556215992,1.5,4.791,1200.297
4.0435834121596095,1.510937735099929,26.66494516322135,1.5,4.791,1202.812
4.043842610576023,1.51019462833437,26.660634477814305,1.5,4.791,1205.328
4.043997546605684,1.5121396552530886,26.665027419629094,1.5,4.791,1207.859
4.044594128541124,1.5108905880640178,26.674991369085788,1.5,4.791,1210.375
4.044611764304972,1.5093779068424202,26.67570933881807,1.5,4.791,1212.906
4.045000666536462,1.508614406696156,26.673919712958565,1.498,4.791,1215.422
4.044975559108948,1.507193820020117,26.679809330144234,1.5,4.791,1217.953
4.045382215494111,1.5099778782276694,26.680951235854632,1.5,4.791,1220.422
4.045955402714484,1.5101148309201051,26.69461705579307,1.498,4.791,1222.922
4.046341818490877,1.5093182243555343,26.69751536865887,1.5,4.796,1225.437
4.046538725320832,1.5107636508290887,26.70611147796745,1.498,4.796,1227.969
4.046667379640038,1.5092995981846942,26.697497389248596,1.498,4.796,1230.484
4.046960640894353,1.511135276363886,26.704429804218424,1.5,4.796,1233.015
4.047329322250121,1.5112768245106298,26.710956980437768,1.5,4.796,1235.531
4.04760785673405,1.5106356961479612,26.70802099059017,1.5,4.796,1238.062
4.0480461975073725,1.5119657644101956,26.720115696904973,1.498,4.796,1240.578
4.048128949154412,1.5108301731822975,26.723009563122808,1.498,4.796,1243.094
4.048676138823288,1.511371754380116,26.72516956452105,1.5,4.796,1245.625
4.049107091443169,1.506256375017209,26.731497388869084,1.5,4.796,1248.14
4.04945137401714,1.5114343611113037,26.733078729533425,1.5,4.796,1250.672
4.049552982014189,1.5118423835126442,26.74491046589173,1.5,4.796,1253.187
4.049989184354959,1.5109977616384085,26.745644588892453,1.5,4.796,1255.719
4.05034029609938,1.5093569213841016,26.74833936331656,1.498,4.796,1258.172
4.050401407831496,1.509322699118692,26.754707188991546,1.5,4.796,1260.656
4.050927289580497,1.5120468416460753,26.761957949260253,1.5,4.796,1263.125
4.051136615287011,1.5133648827960249,26.76577445885341,1.498,4.796,1265.594
4.051663243215473,1.51221169218242,26.77048360160652,1.5,4.796,1268.062
4.051916817957475,1.5105850369303406,26.768549071002507,1.5,4.802,1270.594
4.052003366356989,1.5118086092443292,26.775183497169834,1.498,4.802,1273.109
4.052169548208754,1.5136918003956774,26.78712614835692,1.5,4.802,1275.64
4.05300068685564,1.5142398491911515,26.78212906558935,1.5,4.802,1278.156
4.052989372885682,1.509697588970788,26.785041335550783,1.498,4.802,1280.672
4.053457435582326,1.5073100825915584,26.793251062038102,1.5,4.802,1283.203
4.053623428776157,1.510978496005434,26.787434818982536,1.498,4.802,1285.719
4.054120307289191,1.5132909674011927,26.795462047132247,1.498,4.802,1288.25
4.05434785528683,1.5136920524997215,26.802849694322823,1.5,4.802,1290.765
4.054619272845795,1.5096756387652408,26.806025065935653,1.498,4.802,1293.297
4.055179946408399,1.5137503689848917,26.81603759562886,1.5,4.802,1295.812
4.05505929226011,1.5112375167105565,26.814309425106035,1.5,4.802,1298.328
4.055716344277851,1.5105767963415548,26.82344156037141,1.498,4.802,1300.859
4.056005089370504,1.5142055125262022,26.828798056647777,1.5,4.802,1303.375
4.056320088472058,1.5088993765708023,26.83785922747876,1.5,4.802,1305.906
4.056442529923863,1.5142038384990462,26.836953123526943,1.5,4.802,1308.375
4.056936418261935,1.5124098738778633,26.838564170884748,1.5,4.802,1310.906
4.057077490268159,1.510071518576066,26.84595493146547,1.5,4.807,1313.422
4.057483144983252,1.510074534318621,26.8517101192849,1.5,4.807,1315.953
4.058011547203106,1.5117235360772807,26.85419702017998,1.498,4.807,1318.469
4.058241517700596,1.5136061020974538,26.8654613173049,1.5,4.807,1320.984
4.058322753982747,1.5113580667966506,26.860881873864795,1.5,4.807,1323.515
4.058592912977384,1.5111984160324494,26.86998792393069,1.5,4.807,1326.031
4.059100241358017,1.5078638599885863,26.86406855684569,1.5,4.807,1328.562
4.059459614940964,1.5109377080072828,26.87403785057528,1.498,4.807,1331.078
4.059970971751888,1.509195759308052,26.881334384756624,1.5,4.807,1333.609
4.060165822814312,1.5116478834865024,26.89005224018386,1.498,4.807,1336.125
4.0605830672808,1.5108541850561312,26.88394003602201,1.5,4.807,1338.64
4.060885680629333,1.512223540168529,26.89181715012343,1.5,4.807,1341.203
4.061309000064167,1.511468323136301,26.902819076865608,1.5,4.807,1343.719
4.061684449466716,1.507254331379767,26.90969940634836,1.5,4.812,1346.25
4.061780762400739,1.5098164655438622,26.909594916965467,1.5,4.812,1348.765
4.062045115859613,1.510282399105697,26.91461137977982,1.5,4.812,1351.297
4.062240512775711,1.5100216234995807,26.92578524596282,1.5,4.812,1353.812
4.062526067158211,1.513348156063086,26.928077452393456,1.5,4.812,1356.328
4.063154899545638,1.5107661160779582,26.92222146762609,1.498,4.812,1358.859
4.063417590055015,1.5106332699840774,26.93130609619699,1.498,4.812,1361.375
4.063752295962751,1.5098945654163165,26.932765197682105,1.5,4.812,1363.906
4.064213985540045,1.5091107915724202,26.92605666108335,1.5,4.812,1366.422
4.064536534849519,1.5107305484952236,26.934160573403105,1.498,4.812,1368.937
4.064733498269213,1.511040539869496,26.943949290993963,1.5,4.812,1371.469
4.065384309010058,1.5113767736702444,26.94848931445511,1.5,4.812,1373.984
4.065406755338039,1.509690161326612,26.958275933332832,1.498,4.812,1376.515
4.065746637185941,1.5119656547181712,26.961447962432256,1.5,4.812,1379.031
4.065942571906687,1.508096312633659,26.967880041997915,1.498,4.812,1381.562
4.066644272174009,1.5114481554862838,26.96377051883605,1.5,4.812,1384.078
4.0668581663536765,1.507770798955,26.968774048556988,1.5,4.812,1386.594
4.067111442958628,1.509380568388325,26.977190100581364,1.498,4.812,1389.125
4.067476935915825,1.5120108082321086,26.97785041168096,1.498,4.812,1391.594
4.067755011278277,1.5099315152921085,26.986765135431373,1.5,4.818,1394.062
4.068186309842426,1.513740973915712,26.986785342857857,1.5,4.818,1396.531
4.068543974485597,1.5124259061989092,26.995390267023765,1.5,4.818,1399.015
4.068753524257969,1.5088462586377445,26.99954963557516,1.5,4.818,1401.484
4.068848078270921,1.509234689586432,27.003093313652464,1.5,4.818,1404.0
4.069288445285705,1.5113478633433075,27.00815927015077,1.5,4.818,1406.531
4.069958303676371,1.5136317093134952,27.011693032095284,1.498,4.818,1409.047
4.070111108068722,1.510955750304168,27.015851246848158,1.498,4.818,1411.562
4.070622177207514,1.5129505647231003,27.019888165833976,1.5,4.818,1414.094
4.0706910991334215,1.511767252628171,27.02477402246214,1.498,4.818,1416.609
4.071319853997244,1.5118451703196871,27.02689173193217,1.498,4.818,1419.14
4.071615730011224,1.5131495276873133,27.03329425479652,1.498,4.818,1421.687
4.071925785414151,1.514017046689037,27.033816020541597,1.498,4.818,1424.203
4.0720577209304,1.5095989650509822,27.03290005501461,1.5,4.818,1426.734
4.07252733454515,1.512961719146368,27.042164741708145,1.498,4.818,1429.25
4.072891347196515,1.511064407640201,27.053631699049028,1.498,4.818,1431.781
4.07318050023415,1.5121260527973903,27.05897308101564,1.5,4.823,1434.297
4.073689176585941,1.510778032633538,27.061992081196607,1.5,4.823,1436.828
4.074009463740276,1.5096297318300629,27.067299462797056,1.5,4.823,1439.344
4.0743961462641805,1.5117953692969195,27.066962734553776,1.5,4.823,1441.859
4.074553389627416,1.5113664449462405,27.06906207795369,1.498,4.823,1444.39
4.075047787707869,1.5107801078311869,27.074934611002902,1.5,4.823,1446.906
4.075460569018113,1.5104227248613673,27.08518390064969,1.5,4.823,1449.437
4.075690113601867,1.5135790277438024,27.08886306245154,1.498,4.823,1451.953
4.076293071464756,1.5102109966082613,27.10097856798403,1.498,4.823,1454.484
4.076489020928518,1.5140426826635929,27.096296603618075,1.5,4.823,1457.0
4.076835335088875,1.510994505846923,27.099530507154004,1.498,4.823,1459.515
4.077086376523126,1.5103732327853996,27.10213995584581,1.5,4.823,1462.047
4.077657286614356,1.5109310792651554,27.10707983148843,1.5,4.823,1464.547
4.077856927878975,1.5108781079765847,27.10873652482583,1.5,4.829,1467.015
4.0782926707451095,1.511556298299489,27.114624258646057,1.498,4.829,1469.484
4.078453862175553,1.51107014034941,27.113647230897,1.498,4.829,1472.0
4.078749626603025,1.5107996691677414,27.124572347247963,1.5,4.829,1474.531
4.079229475066896,1.512679296465375,27.119081485012792,1.498,4.829,1477.062
4.079628226566825,1.5123506255385246,27.13609697848021,1.498,4.829,1479.578
4.080117485277632,1.509805917706622,27.138892882675226,1.5,4.829,1482.094
4.080319811894373,1.5100319727606062,27.13517581178564,1.5,4.829,1484.625
4.080671015966258,1.5087347748083777,27.142649487474,1.5,4.829,1487.14
4.081220417631638,1.5094318523408556,27.156545050317145,1.5,4.829,1489.672
4.081495512419963,1.5125242547578837,27.16490671678948,1.498,4.829,1492.187
4.081845106863031,1.5123106866518792,27.16365297602894,1.5,4.829,1494.719
4.082119987188492,1.5109846589668636,27.173868830717048,1.5,4.829,1497.234
4.082560406637021,1.5120195959815852,27.171439751177125,1.5,4.829,1499.765
4.082956492739791,1.50845564286296,27.17799022964775,1.5,4.829,1502.281
4.0831901849361,1.510942443284665,27.18925012437881,1.5,4.829,1504.812
4.083426737975083,1.5082187126788418,27.19277572388754,1.5,4.834,1507.328
4.083893893926127,1.5113820052348286,27.192386290735104,1.5,4.834,1509.844
4.084391855759961,1.5135948079828436,27.19198446903214,1.5,4.834,1512.375
4.084660049365407,1.5093862949796568,27.203565636457345,1.5,4.834,1514.89
4.084990842539437,1.5117135703905888,27.20945014011362,1.5,4.834,1517.422
4.085499993771578,1.5109179996422653,27.216739555147846,1.5,4.834,1519.937
4.085535908551937,1.513512971304273,27.22359417761752,1.5,4.834,1522.453
4.085898875942773,1.5103130387396702,27.22752972040755,1.5,4.834,1524.984
4.086378872977663,1.510893688514874,27.23373146287172,1.498,4.834,1527.5
4.0868821550608505,1.511355015800912,27.239662980743105,1.5,4.834,1529.969
4.086930896150253,1.5135338278652422,27.23854564975752,1.498,4.834,1532.453
4.08762256501604,1.5116365501896751,27.244275496469573,1.5,4.834,1534.922
4.087721475511267,1.5103573424481498,27.25082378711466,1.5,4.834,1537.39
4.088266132605247,1.5106100326539718,27.24073469946674,1.5,4.834,1539.859
4.088522423206862,1.5131590942574915,27.257132642181908,1.5,4.834,1542.375
4.089190583662229,1.5104417595140425,27.25879905491185,1.498,4.834,1544.937
4.08945647590262,1.510273644589318,27.26007362177905,1.5,4.834,1547.39
4.0896829127489935,1.5116913183139962,27.26374876329609,1.5,4.839,1549.859
4.09025068009663,1.5110885593194032,27.272815632793613,1.498,4.834,1552.39
4.090809613286043,1.5110202026791089,27.27625404902893,1.5,4.839,1554.906
4.090886346612412,1.507146267157497,27.28760491598692,1.5,4.839,1557.437
4.091351607874459,1.5107726831026989,27.298412363853444,1.5,4.839,1559.953
4.091593871497034,1.51202284695179,27.29051728709308,1.5,4.839,1562.469
4.092182296223003,1.508108592761067,27.300131912555116,1.5,4.839,1565.0
4.092315235008938,1.5102052416139944,27.302263994018915,1.498,4.839,1567.515
4.09291623269473,1.5098807568687336,27.309775738984875,1.5,4.839,1570.047
4.092949874989318,1.5114729548963632,27.31214099838406,1.5,4.839,1572.562
4.0935822771173145,1.507680756891902,27.316819031101424,1.5,4.839,1575.094
4.09393057273836,1.5091210727044189,27.3145518111756,1.5,4.839,1577.609
4.094396592814338,1.5117236184797866,27.322041249164645,1.498,4.839,1580.125
4.094641787364677,1.5075308202573885,27.332226374989965,1.5,4.839,1582.609
4.095103083074318,1.5084442479165645,27.332716348767345,1.5,4.845,1585.078
4.09520039409805,1.5113613407990794,27.34197227429718,1.5,4.845,1587.547
4.095827047262309,1.511280082762838,27.343470881108853,1.498,4.845,1590.015
4.0960082566991165,1.5106221121587808,27.35176823954428,1.5,4.845,1592.5
4.096395339877564,1.5118895234270324,27.35665936203586,1.5,4.845,1595.031
4.097014438358324,1.5112924410370747,27.36899479717419,1.498,4.845,1597.547
4.0972305101701645,1.512271010346076,27.37133473337325,1.498,4.845,1600.078
4.097772478075725,1.508895084563855,27.3754965527154,1.5,4.845,1602.594
4.0982525811051,1.5088418763961466,27.374524293816098,1.5,4.845,1605.125
4.098689581813576,1.5099163673944396,27.37690418173821,1.498,4.845,1607.64
4.098707655939661,1.5096429306381187,27.389446230946945,1.498,4.845,1610.172
4.099287845938159,1.5096077610013976,27.40019370997664,1.5,4.845,1612.687
4.099634699848072,1.510436371099049,27.40762605521778,1.5,4.845,1615.219
4.100161874134314,1.5091244638863477,27.406467818275203,1.498,4.845,1617.734
4.100521096223768,1.511042063385572,27.405762408951343,1.5,4.85,1620.25
4.100409873882219,1.5091079391425049,27.413937497358887,1.498,4.85,1622.781
4.101404890201019,1.5074950060197774,27.41919104619154,1.5,4.85,1625.297
4.10153429307391,1.507510880934979,27.42165302212477,1.5,4.85,1627.828
4.101948300357123,1.5124616379420766,27.42684627589728,1.5,4.85,1630.344
4.102265359773027,1.5121446007796522,27.437235889096613,1.5,4.85,1632.859
4.1026093820597485,1.5130018152981215,27.43789763132361,1.5,4.85,1635.39
4.103156755514536,1.5143155488738071,27.442887576614176,1.498,4.85,1637.906
4.10345097395875,1.5127225689880746,27.44494637180065,1.498,4.85,1640.437
4.103873454860279,1.5121374420857645,27.451820520653108,1.498,4.85,1642.953
4.10460367796304,1.5117771309100907,27.460406887752043,1.5,4.85,1645.515
4.104605333409831,1.5079358435304262,27.46198301813528,1.498,4.85,1647.984
4.105253617006295,1.50942966378942,27.469049415246108,1.5,4.85,1650.469
4.105503791110045,1.5092708297686075,27.46597118414377,1.498,4.856,1652.953
4.1058150529609,1.515832918988774,27.473198163101067,1.498,4.856,1655.5
4.106079779470798,1.511722907326533,27.470248371873566,1.5,4.856,1658.031
4.10661859930226,1.5087763140598889,27.481758658633023,1.5,4.856,1660.547
4.106920553845276,1.5098906897502768,27.495500031150165,1.5,4.856,1663.078
4.10759348214336,1.5106025507026264,27.49443399306985,1.498,4.856,1665.594
4.107940102460298,1.513989593521033,27.50398466230846,1.5,4.856,1668.125
4.10825429682594,1.512493201539425,27.50360960418121,1.498,4.856,1670.64
4.10865158806894,1.5086810092957987,27.51941590453724,1.498,4.856,1673.172
4.1091000981730845,1.5107611766532063,27.51686705214317,1.5,4.856,1675.687
4.109343122833968,1.5116863617502163,27.53144759643425,1.498,4.856,1678.219
4.109644949645189,1.5083998016494329,27.52744951052224,1.498,4.856,1680.734
4.110446205812477,1.5126556334888388,27.528923382531925,1.5,4.856,1683.25
4.110664757153258,1.5122828987570116,27.527385380790584,1.5,4.861,1685.781
4.110945402542716,1.510131723337889,27.53623700835621,1.5,4.861,1688.25
4.111640438845401,1.511038594409733,27.545770651740423,1.5,4.861,1690.719
4.111830222068365,1.512703320091168,27.555911887373984,1.5,4.861,1693.187
4.112094874157627,1.5087275472447514,27.55770282498836,1.498,4.861,1695.656
4.112740358571194,1.511026021729852,27.5694215043112,1.5,4.861,1698.14
4.112948362760962,1.5101571865464465,27.570419557804573,1.5,4.861,1700.656
4.113318453095029,1.5117049798396405,27.57722942762481,1.498,4.861,1703.187
4.113682353837319,1.5095924338443245,27.581943748394583,1.5,4.861,1705.703
4.114195968347976,1.5123384041897263,27.58427364152705,1.5,4.861,1708.234
4.114624909209043,1.5098003494709973,27.59511290611088,1.498,4.861,1710.75
4.114972316524671,1.510464035710647,27.59729313618864,1.5,4.861,1713.281
4.115297725960983,1.5083852874005612,27.5959290535186,1.5,4.861,1715.797
4.115772049049499,1.5116333816337495,27.60540190787913,1.498,4.861,1718.344
4.116080503404104,1.5118086671511493,27.61491086581291,1.5,4.861,1720.906
4.116766489491183,1.5074048139774163,27.617333639095783,1.5,4.861,1723.375
4.117031520711151,1.5110895239948376,27.62581477265712,1.5,4.866,1725.828
4.117471258429357,1.513035354134392,27.62740950765277,1.5,4.866,1728.297
4.11791402976971,1.5098381091529334,27.630684594943748,1.5,4.866,1730.828
4.11834032713105,1.5113790219653167,27.636407694223788,1.5,4.866,1733.344
4.118504808515161,1.5112753944651345,27.64354417031748,1.5,4.866,1735.875
4.118846934798175,1.5104934626449775,27.652560740455076,1.5,4.866,1738.39
4.1195714480266,1.5100692084167622,27.652412151151783,1.5,4.866,1741.265
4.11976156790087,1.5090192136309095,27.66463021208663,1.5,4.866,1743.89
4.120458131039553,1.510135541550684,27.66363298695628,1.5,4.866,1746.469
4.120695587696442,1.5109527660898463,27.67174452888838,1.498,4.866,1749.031
4.121197919799032,1.508721409562375,27.671815423639494,1.5,4.866,1751.594
4.121532334006206,1.5122968205790193,27.69007802566316,1.5,4.872,1754.156
4.122103977951639,1.5124757078115785,27.68702801181628,1.498,4.872,1756.719
4.12257749305577,1.510435825523594,27.687865624940635,1.498,4.872,1759.297
4.122982778589609,1.5116625403259347,27.687797055654823,1.5,4.872,1761.859
4.123336091397052,1.509917900392899,27.69579502628808,1.5,4.872,1764.422
4.123638307483426,1.511318332218899,27.704073092815765,1.498,4.872,1766.984
4.124174357234307,1.5086593354263538,27.710158201405427,1.498,4.872,1769.547
4.124278776504817,1.5120825351811318,27.716152027947995,1.498,4.872,1772.109
4.124907126218131,1.5119983796166845,27.72518770274919,1.5,4.872,1774.672
4.1252497242794375,1.5098096195156976,27.730434039190477,1.498,4.872,1777.234
4.125684772184731,1.51098151312999,27.72804786084214,1.498,4.872,1779.812
4.125942070021504,1.510908805574776,27.7369968093396,1.498,4.872,1782.39
4.126616424521484,1.5136147444578516,27.741162662031904,1.498,4.872,1785.0
4.12698456990201,1.5076934628647654,27.74297801872908,1.498,4.877,1787.594
4.127440394278933,1.5141267621686276,27.75054605111747,1.5,4.877,1790.156
4.127950781726343,1.5133812543941885,27.764166333625905,1.498,4.877,1792.719
4.128170611623639,1.5095425736613235,27.76530805932316,1.5,4.877,1795.281
4.128788360628973,1.5100531358928502,27.770860678762805,1.5,4.877,1797.844
4.129082795679924,1.5128155729851251,27.77353856274002,1.5,4.877,1800.406
4.129715146998556,1.510820062664208,27.7716074214628,1.5,4.877,1802.969
4.130070321646605,1.5097910744466223,27.778901332879595,1.498,4.877,1805.531
4.130470964196109,1.5119271314477194,27.786949377003047,1.5,4.877,1808.094
4.130872305554333,1.5118009184479633,27.79262650817746,1.5,4.877,1810.656
4.131333028855226,1.510794477122298,27.79510888821466,1.498,4.877,1813.219
4.131624345046329,1.508603710622414,27.792891861462124,1.5,4.877,1815.781
4.131885966607904,1.5087621149638557,27.800040526558885,1.5,4.883,1818.375
4.132429366774991,1.5125606166510157,27.81527316318319,1.5,4.883,1820.937
4.1328528346175535,1.510945038258473,27.815459754921267,1.5,4.883,1823.5
4.133292949034117,1.509189219274775,27.81349219748504,1.5,4.883,1826.062
4.133814680536599,1.5114145661559724,27.822445399044927,1.5,4.883,1828.64
4.134588897650308,1.512731877496807,27.83114231769655,1.498,4.883,1831.203
4.134870920220849,1.5120458137568606,27.83486098348061,1.5,4.883,1833.765
4.135156207133353,1.513681779525979,27.848088681933728,1.498,4.883,1836.328
4.135490738079462,1.510444208803481,27.852612634909477,1.5,4.883,1838.89
4.135973938535383,1.5112684343432758,27.85784884975312,1.498,4.883,1841.453
4.136147623546051,1.5142795256961052,27.86551699422281,1.498,4.883,1844.031
4.136645924185384,1.5123357565083988,27.86711358397285,1.498,4.883,1846.594
4.137033596367384,1.5093332872228826,27.8736830223,1.5,4.883,1849.156
4.137114939099894,1.5097882538963308,27.873710015082786,1.498,4.883,1851.719
4.137751223207926,1.5134556418644574,27.88446619699165,1.5,4.888,1854.312
4.138286378861465,1.510569931416517,27.888051401153696,1.498,4.888,1856.875
4.138630096538294,1.511616395211573,27.89782254280365,1.5,4.888,1859.453
4.139243624153791,1.5086709393302833,27.90243193154484,1.5,4.888,1862.015
4.139614247007108,1.5076667943558846,27.909926196920644,1.5,4.888,1864.578
4.140023562808258,1.5102786607060283,27.91831089927246,1.498,4.888,1867.14
4.140461746856334,1.512166112884628,27.91829791838887,1.498,4.888,1869.703
4.140840016837705,1.5122162301165554,27.92178748149617,1.498,4.888,1872.265
4.141347563123182,1.509556954550123,27.933656668374223,1.5,4.888,1874.844
4.141916696727238,1.5059340795046334,27.944818188687247,1.5,4.888,1877.406
4.142197973364824,1.5128755783183794,27.94432385006683,1.5,4.888,1879.969
4.142672605137238,1.5106751828903686,27.94910655174905,1.5,4.888,1882.531
4.143191473071352,1.5139032525155116,27.961595970634477,1.498,4.888,1885.094
4.143807500446078,1.507661279861504,27.96797079149885,1.498,4.888,1887.656
4.143905420448698,1.5090590162806563,27.969850479071344,1.5,4.893,1890.219
4.144212905997017,1.5120827230204004,27.98298535247763,1.498,4.893,1892.797
4.144775215257647,1.5116530653629614,27.98649069305989,1.5,4.893,1895.359
4.144963283557007,1.5114463450222857,27.98362641300659,1.498,4.893,1897.922
4.145654489414878,1.5127592944253117,27.991364906958594,1.498,4.893,1900.484
4.146130715862915,1.5070414771913014,28.001302056070717,1.498,4.893,1903.062
4.146658755365668,1.510033917623056,28.012324758705383,1.5,4.893,1905.625
4.146910418475138,1.5097293792610689,28.01488722928022,1.498,4.893,1908.187
4.147385913065937,1.5135247205521605,28.023941797733848,1.498,4.893,1910.75
4.147785191216457,1.512858580722923,28.025733918967862,1.5,4.893,1913.344
4.148102421003459,1.514908854283412,28.03753512344549,1.498,4.899,1915.953
4.1485378463193445,1.512241974001489,28.04448499451274,1.5,4.899,1918.515
4.148920915260643,1.507216721136665,28.045337598298516,1.5,4.899,1921.078
4.149618891215012,1.510585448431417,28.04970883498221,1.5,4.899,1923.656
4.150044575113389,1.5130083356593216,28.059549453234737,1.5,4.899,1926.219
4.149987691532245,1.5117621217330164,28.062617410466807,1.498,4.899,1928.781
4.150547181248874,1.513042576881134,28.064597998485144,1.498,4.899,1931.344
4.151469452341484,1.5122614710368318,28.07155478829356,1.5,4.899,1933.906
4.151272439897669,1.5106699137429722,28.080414767005788,1.498,4.899,1936.469
4.151938073853895,1.5104634224279958,28.07867594487629,1.5,4.899,1939.031
4.152249510798364,1.5130751359156491,28.088125942256436,1.5,4.899,1941.594
4.15274334183527,1.5124874941496624,28.09450002221778,1.5,4.899,1944.156
4.153090479619912,1.5079467842740313,28.101240073998834,1.498,4.899,1946.719
4.153825557991444,1.5115961069669794,28.10196648337917,1.498,4.899,1949.281
4.153959025285938,1.5091208785767778,28.11654942220365,1.5,4.899,1951.844
4.154595099345336,1.5110080225038514,28.11774873298584,1.5,4.904,1954.406
4.155233990778901,1.5083645031171276,28.127105437317184,1.5,4.904,1956.969
4.155288943471352,1.512628717358006,28.1339666280626,1.498,4.904,1959.531
4.155766457005124,1.509153783997414,28.13893016847432,1.498,4.904,1962.094
4.155995100706911,1.5133532343400933,28.14615444551627,1.498,4.904,1964.672
4.156607625641088,1.5108010265085836,28.155362313663232,1.498,4.904,1967.234
4.156893879953505,1.511046501433018,28.159869080522395,1.498,4.904,1969.797
4.157399161062148,1.509555863552068,28.1648448388276,1.498,4.904,1972.359
4.157834599523354,1.510867568372125,28.16516860146089,1.498,4.904,1974.922
4.158164353831385,1.513523275436052,28.18297520967641,1.5,4.904,1977.5
4.158823328860565,1.5116587128026282,28.18295004680069,1.498,4.904,1980.062
4.159358941535985,1.5114116767220118,28.192225590829374,1.498,4.904,1982.625
4.159560558271598,1.5123074415765,28.206677015841752,1.498,4.904,1985.219
4.159949836769237,1.5096103197501995,28.211354198506644,1.5,4.91,1987.797
4.160315659719048,1.5133277520741932,28.20921180275476,1.498,4.91,1990.39
4.160722610137912,1.510728056358907,28.214154759260364,1.5,4.91,1992.953
4.161193215374672,1.5093654609532825,28.226513343918608,1.498,4.91,1995.515
4.162065070495957,1.5110802349557442,28.231906926099605,1.5,4.91,1998.078
4.162175586366627,1.5104983277395447,28.23387486881829,1.5,4.91,2000.64
4.162471445634876,1.510401446555541,28.246999961493973,1.498,4.91,2003.203
4.163057433303244,1.5089406351264456,28.2482887920571,1.5,4.91,2005.765
4.163218556074956,1.5108646606336409,28.263597306703847,1.5,4.91,2008.328
4.163903162155508,1.5143418232304002,28.27120891756196,1.5,4.91,2010.89
4.164142529163367,1.5094853130064032,28.27404767927574,1.5,4.91,2013.5
4.164658047825927,1.5089397313777235,28.28046944072744,1.5,4.915,2016.156
4.165210094868406,1.510595309836898,28.286393510054893,1.5,4.915,2018.765
4.165390018937163,1.509847439431589,28.29750010417616,1.5,4.915,2021.328
4.166006128638574,1.511980322657985,28.30616505249841,1.498,4.915,2023.906
4.166501025698234,1.5143137984135435,28.31043767296929,1.498,4.915,2026.453
4.166839278250945,1.5108478989729497,28.316931509907217,1.5,4.915,2029.031
4.167344067044964,1.5119229623891512,28.322955902625708,1.498,4.915,2031.594
4.167636083807449,1.5091529760716214,28.33293398536407,1.5,4.915,2034.14
4.168077529771372,1.5111614808685772,28.338472428809148,1.5,4.915,2036.719
4.168450065628971,1.5105094215733184,28.34282223821716,1.498,4.915,2039.265
4.168988045687306,1.5104302362658486,28.35600460039923,1.5,4.915,2041.828
4.169432019080808,1.5114841144028657,28.365358690867257,1.5,4.915,2044.406
4.16970390707322,1.5096622621208242,28.37221050275245,1.498,4.915,2046.953
4.17017781902769,1.5104631075768713,28.38119620963037,1.5,4.921,2049.547
4.17076019795418,1.5131731640011563,28.384668154532857,1.5,4.921,2052.109
4.17107152869739,1.510435000360213,28.391870020268097,1.498,4.921,2054.672
4.171600431858212,1.511607792491959,28.405682160082197,1.5,4.921,2057.234
4.171578351527545,1.512334022905091,28.41951917698104,1.5,4.921,2059.797
4.172296320038637,1.5144513865842535,28.422407715166976,1.5,4.921,2062.359
4.172784894122626,1.5096655238173142,28.428081049151803,1.498,4.921,2064.922
4.173244306240995,1.5119842054984156,28.44135555365957,1.5,4.921,2067.484
4.173623001897878,1.5096754879621288,28.436881392115502,1.498,4.921,2070.047
4.17402934072532,1.511526370496575,28.442179726984943,1.5,4.921,2072.609
4.174414516572176,1.50788792547161,28.45181793766824,1.5,4.921,2075.172
4.174920559225216,1.5102235768335586,28.462269837614294,1.5,4.921,2077.734
4.17501835446585,1.5087541216124192,28.472089441272285,1.5,4.921,2080.297
4.175643053634144,1.5114519748409554,28.47202754471904,1.5,4.926,2082.875
4.176070414859254,1.509422244464787,28.476068397296764,1.498,4.921,2085.484
4.1766809902281965,1.5117265005358504,28.48432621976064,1.498,4.926,2088.047
4.17713290478864,1.5098361987677509,28.497512703768685,1.498,4.926,2090.609
4.177455078556509,1.5092263404085855,28.502910114516386,1.498,4.926,2093.187
4.177597277697248,1.5128590337931191,28.51826411223737,1.5,4.926,2095.734
4.178321708938601,1.512213435020878,28.52831004967702,1.5,4.926,2098.297
4.178771359530288,1.5111704614157513,28.53424147814031,1.5,4.926,2100.859
4.179377625650473,1.507412234529974,28.545616792972464,1.5,4.926,2103.422
4.179562096199646,1.5115333455355051,28.552222284832947,1.498,4.926,2105.984
4.179971491593416,1.509851690111363,28.560595763199604,1.498,4.926,2108.547
4.1805244830949775,1.5134187195091862,28.5644623592058,1.498,4.926,2111.109
4.180828280087449,1.5069939755101422,28.572759912668275,1.498,4.926,2113.656
4.181172736007016,1.511629284776222,28.57632530413277,1.5,4.926,2116.219
4.181739057298469,1.5132290632750491,28.5860026807406,1.5,4.926,2118.797
4.181834782117195,1.5093523849107862,28.600921467194965,1.498,4.931,2121.359
4.182627718394061,1.511771608946901,28.60024340584106,1.498,4.931,2123.922
4.18313266629154,1.5101095670094495,28.616433804194397,1.498,4.931,2126.484
4.183227494413629,1.5115873379487474,28.630796645419714,1.5,4.931,2129.062
4.183823566517704,1.5115856095448414,28.63853797048225,1.498,4.931,2131.625
4.184073668883258,1.5127860817331475,28.64973513468023,1.5,4.931,2134.187
4.184670618173676,1.5105129156461856,28.647334992557848,1.5,4.931,2136.75
4.185041927415228,1.510714594326831,28.66017137760649,1.5,4.931,2139.312
4.185439319658818,1.5111778982350603,28.66975696804975,1.498,4.931,2141.89
4.185530779523371,1.5111533099495793,28.673633038562272,1.498,4.931,2144.453
4.186250565545837,1.511630150351025,28.68746435900035,1.5,4.931,2147.015
4.186606261881643,1.5082975244104968,28.687622815069844,1.5,4.931,2149.64
4.186697754609264,1.5049373035491342,28.69980301609395,1.5,4.937,2152.265
4.187512163715825,1.5108802253151274,28.71400380493661,1.498,4.937,2154.875
4.188332044022445,1.510577045407221,28.718710834680337,1.5,4.937,2157.453
4.188414808061363,1.5122554542475863,28.72398708043225,1.5,4.937,2160.015
4.188885202701994,1.5114899273564109,28.73650152387861,1.498,4.937,2162.578
4.189141077308483,1.512901526179515,28.742292465103542,1.498,4.937,2165.14
4.189626932334474,1.5085673086646485,28.75966946836882,1.5,4.937,2167.703
4.189932175882532,1.5111170614235747,28.76701648263405,1.5,4.937,2170.265
4.190459787796126,1.5107134266022886,28.771669267105118,1.5,4.937,2172.828
4.191149904339694,1.5128975274127932,28.780429998397626,1.498,4.937,2175.39
4.191283365770473,1.5115125567895602,28.793113200736364,1.498,4.937,2177.953
4.19181724571239,1.5108245379410306,28.808297754364805,1.5,4.937,2180.515
4.192020272321697,1.5099318629052685,28.815635406918133,1.498,4.937,2183.078
4.19267748608345,1.511908549907697,28.82844984474026,1.498,4.942,2185.656
4.19285823884144,1.509806870943445,28.835766374936277,1.5,4.942,2188.219
4.193416628815612,1.5115208749832307,28.839048825280774,1.5,4.942,2190.781
4.194013784566634,1.512988126019442,28.8453012855484,1.5,4.942,2193.344
4.1946256038704375,1.5115559686594675,28.845891875223824,1.5,4.942,2195.906
4.194634683298106,1.5091884304994283,28.86265456246639,1.5,4.942,2198.469
4.194799776122101,1.511984187691746,28.87177580264665,1.5,4.942,2201.031
4.195438286790635,1.512005507287184,28.878517669115045,1.5,4.942,2203.609
4.195842763533573,1.5093237198166929,28.8890881968863,1.5,4.942,2206.172
4.196492115478545,1.5106433873467824,28.90278375102871,1.5,4.942,2208.734
4.196612666450904,1.507146246214902,28.91200844414052,1.5,4.942,2211.328
4.1969541049487615,1.5096040694858963,28.918224997670347,1.5,4.948,2213.969
4.197685477299632,1.5106300208966892,28.926658577270157,1.498,4.948,2216.594
4.198099922853738,1.5105407632136885,28.937764871322297,1.5,4.948,2219.203
4.198445422371571,1.5064056567647457,28.950418355375337,1.5,4.948,2221.812
4.198619971097697,1.5101506852157407,28.959999439897857,1.5,4.948,2224.39
4.1991145952718325,1.5091772344429055,28.97373613002556,1.5,4.948,2226.953
4.19954507988081,1.5099973807438152,28.97361546783404,1.5,4.948,2229.5
4.19999624053675,1.5096197752944684,28.988998241211945,1.5,4.948,2232.062
4.200428332629543,1.5086428900742992,29.00334138420912,1.498,4.948,2234.625
4.201104159994361,1.510701001725002,29.01687439416756,1.5,4.948,2237.547
4.201486939077294,1.5108440786530295,29.01724743124732,1.5,4.948,2240.281
4.201696124746468,1.5095687403138789,29.029661574028022,1.498,4.948,2242.984
4.202259046949403,1.5101800235246352,29.029797651544865,1.498,4.948,2245.703
4.202715179580035,1.507643002646354,29.048714453861617,1.497,4.948,2248.375
4.202863991470629,1.508251613413499,29.054632632053888,1.496,4.948,2251.109
4.203128175180968,1.5044008377877585,29.060996608765446,1.496,4.948,2253.797
4.2037879606778885,1.507979266499281,29.071481297660767,1.494,4.948,2256.5
4.204355459396551,1.5061431539194072,29.08305200026576,1.494,4.948,2259.219
4.204242512415595,1.504772347167341,29.09216220847147,1.493,4.948,2261.937
4.204671231933358,1.502726033367071,29.097828390494666,1.492,4.948,2264.672
4.204909372938174,1.5010131103845428,29.10890002849046,1.492,4.948,2267.344
4.205675553606051,1.503453561232963,29.119963426769157,1.492,4.948,2270.062
4.206068524472089,1.501315777165248,29.12781306099481,1.49,4.948,2272.734
4.2060735770829645,1.5011131882235569,29.145006193204157,1.49,4.948,2275.469
4.206401225077342,1.498265546566745,29.14722397754593,1.489,4.948,2278.14
4.20711811999693,1.499754431842769,29.15245746861634,1.488,4.948,2280.875
4.206482038279387,1.4901005046824605,29.161595571432308,1.478,4.942,2283.562
4.206044094374605,1.4784048127095553,29.17609977129157,1.467,4.937,2286.328
4.20538615135881,1.467873768652295,29.1821461897167,1.458,4.931,2289.031
4.205602358974413,1.4709303059287129,29.198497391182663,1.458,4.931,2291.75
4.2050536228509605,1.4561766132229603,29.21266192773006,1.447,4.926,2294.453
4.205351235844525,1.4613099588074805,29.21539553613104,1.447,4.926,2297.172
4.2055502438961545,1.4554904103066957,29.217615912443943,1.447,4.926,2299.844
4.205159736830202,1.4476581155346324,29.23590925025009,1.436,4.921,2302.609
4.205354870060404,1.447601925446587,29.246879698472902,1.436,4.921,2305.281
4.205457448165238,1.4425725663155822,29.25359356087931,1.435,4.921,2308.015
4.205687582953032,1.448640798520651,29.26088805385984,1.435,4.921,2310.687
4.2059503924305215,1.4430872574619709,29.26330941787837,1.435,4.921,2313.406
4.206297417870322,1.4463932325941118,29.272349455938038,1.433,4.921,2316.109
4.206482859853241,1.4441151844050966,29.29340909815416,1.433,4.921,2318.828
4.206732660855835,1.4418503827765954,29.295357597172007,1.432,4.921,2321.5
4.206249202560101,1.4331016890108397,29.30581077606489,1.422,4.915,2324.265
4.205650748150974,1.422848053642043,29.316715170560546,1.413,4.91,2326.969
4.205962875280985,1.42137841373176,29.32496694643841,1.411,4.91,2329.687
4.206368040091771,1.4237573566467945,29.32770669332363,1.411,4.91,2332.359
4.206450637408688,1.4203428664505,29.33312444090649,1.411,4.91,2335.094
4.206535033939432,1.4221545652514351,29.35140618670416,1.41,4.91,2337.765
4.20711511455806,1.4229123255625555,29.35854697775067,1.41,4.91,2340.5
4.206421249511442,1.4071903692845242,29.36531712481964,1.401,4.904,2343.187
4.205608883485649,1.400363869521633,29.36885430100969,1.39,4.899,2345.953
4.205926065028964,1.399868848438203,29.380731485204084,1.39,4.899,2348.625
4.206402482460882,1.4011456225866603,29.38143471892303,1.39,4.899,2351.344
4.206703597794816,1.4011989260467896,29.392695710296973,1.388,4.899,2354.015
4.205781830524456,1.3914615974538018,29.398336361697336,1.379,4.893,2356.781
4.205305711170876,1.3801105919661487,29.413729393863864,1.368,4.888,2359.469
4.205441655139382,1.3809724360452575,29.42007028268482,1.368,4.888,2362.203
4.205982664734653,1.37875748304342,29.422060927739853,1.368,4.888,2364.859
4.205869073407913,1.3833354429297966,29.43604988125721,1.368,4.888,2367.594
4.206264815364587,1.3782809270724277,29.44042591195821,1.367,4.888,2370.265
4.2062410636428,1.3735060379946182,29.448175517999097,1.367,4.888,2373.0
4.206501310416302,1.3765485694473496,29.446123108657936,1.365,4.888,2375.672
4.206866311355054,1.3780507682227303,29.45780992596379,1.365,4.888,2378.39
4.206264098745853,1.365748582461848,29.46884309530061,1.356,4.883,2381.094
4.206456695129697,1.3661146623723572,29.47388057853472,1.354,4.883,2383.765
4.206719118213852,1.3658523057355598,29.481028361190617,1.354,4.883,2386.484
4.206240320365488,1.3550714023434918,29.4901794867828,1.345,4.877,2389.156
4.205343335481598,1.345272779726746,29.49160852262026,1.334,4.872,2391.844
4.205785283690164,1.344307526735246,29.492114572284308,1.334,4.872,2394.578
4.206011752905939,1.34391382505483,29.496685558920937,1.333,4.872,2397.25
4.206045229306192,1.346124044849142,29.500150152556078,1.333,4.872,2399.969
4.206597345049901,1.3416549816093295,29.50943232508895,1.333,4.872,2402.64
4.206227355214033,1.3350005705480104,29.514695075940928,1.323,4.866,2405.406
4.205364999717077,1.321177380117552,29.51805192976738,1.314,4.861,2408.109
4.205596281892683,1.3245170053815938,29.520249095698876,1.312,4.861,2410.828
4.205386772504923,1.321721632165857,29.52274571739613,1.312,4.861,2413.5
4.205774620111632,1.3207146736707998,29.53445480660088,1.312,4.861,2416.234
4.205924501103674,1.319589672474336,29.545234486877497,1.311,4.861,2418.906
4.206260414655487,1.3175121516588943,29.554480335332823,1.311,4.861,2421.625
4.206710188001137,1.3192357037005291,29.548708749238248,1.31,4.861,2424.297
4.205968607365185,1.3087535024509989,29.55373604563553,1.3,4.856,2427.062
4.2061685743114285,1.310601073188579,29.55707909087491,1.3,4.856,2429.734
4.206578210268917,1.3073371274784562,29.556685334672757,1.3,4.856,2432.469
4.205725073414798,1.2975347145136011,29.571383477509094,1.289,4.85,2435.156
4.206116737761696,1.298033687661322,29.57134702810944,1.289,4.85,2437.89
4.206330641818985,1.296924691221693,29.57167959276213,1.288,4.85,2440.562
4.206631918367499,1.2954920636046672,29.573722903504255,1.288,4.85,2443.297
4.206159483968909,1.2867894514989984,29.57719718313634,1.278,4.845,2445.984
4.206303987921111,1.289288379037551,29.57521253879145,1.277,4.845,2448.719
4.206536801988096,1.2877446038928484,29.5835194432706,1.277,4.845,2451.39
4.206794402042783,1.285393517362971,29.590611729289524,1.277,4.845,2454.109
4.206303049286803,1.276369636238447,29.58659138030263,1.266,4.839,2456.812
4.206575199833838,1.2751618411584504,29.59668507603702,1.266,4.839,2459.547
4.206123828813351,1.2659705366567195,29.59365890742213,1.255,4.834,2462.234
4.206064763235711,1.264592810788063,29.59808236284811,1.255,4.834,2464.969
4.206218810431417,1.260871879699176,29.613564207668823,1.255,4.834,2467.64
4.206731682826153,1.2634312902363496,29.610911053999,1.255,4.834,2470.328
4.206027927411308,1.2552093142987413,29.60914117996252,1.244,4.829,2473.094
4.206280352567197,1.254842471033225,29.612951062040494,1.244,4.829,2475.812
4.206660570575881,1.2544793483034975,29.61444824062116,1.244,4.829,2478.531
4.206707365995125,1.2501613746383138,29.608161267055976,1.243,4.829,2481.203
4.206985945796517,1.2520402002819668,29.61906357252638,1.243,4.829,2483.937
4.207054356496669,1.2528451283879314,29.616227031664145,1.242,4.829,2486.609
4.207635701428608,1.2474388666228329,29.61835006781148,1.242,4.829,2489.328
4.2072392763583935,1.237141014044769,29.62779531704776,1.232,4.823,2492.031
4.206663544053974,1.2328212593273309,29.62345051005849,1.221,4.818,2494.797
4.2057928376700575,1.221637618613817,29.62108315274966,1.212,4.812,2497.484
4.206152058940884,1.2211161578204313,29.622558927907697,1.212,4.812,2500.219
4.206273542232454,1.2218109155130632,29.628072741312494,1.21,4.812,2502.89
4.206444940238511,1.2178478440657146,29.627174466816115,1.21,4.812,2505.609
4.207032006463505,1.218789679684461,29.638198532266543,1.21,4.812,2508.281
4.206045159765896,1.2065007178884388,29.63600307644455,1.199,4.807,2511.047
4.206501515215495,1.2083076736193972,29.639732493876064,1.199,4.807,2513.703
4.206301755862876,1.207237515036832,29.63105428824892,1.198,4.807,2516.437
4.206700340519915,1.2091678890205342,29.63272826407515,1.198,4.807,2519.109
4.206546746922974,1.197914953918685,29.632886993393605,1.189,4.802,2522.219
4.206604853719068,1.1952709557388783,29.628992210615117,1.187,4.802,2525.047
4.206812669831415,1.1964482777699126,29.6337920655578,1.187,4.802,2527.875
4.207044031303179,1.1942267512322235,29.64168246762455,1.187,4.802,2530.734
4.207336585192185,1.1946658904006444,29.63436297326805,1.186,4.802,2533.578
4.207633123853784,1.1956703984334005,29.636401395246565,1.186,4.802,2536.422
4.207150748203727,1.1837189572733209,29.63740645163289,1.175,4.796,2539.297
4.206563243540996,1.175669125512282,29.62684784504404,1.166,4.791,2542.172
4.206855822615277,1.1721240033776492,29.63536220631335,1.166,4.791,2545.015
4.207128919067632,1.174918704520653,29.62742949689976,1.164,4.791,2547.922
4.207019312818785,1.1715050748563467,29.632446056447915,1.164,4.791,2550.812
4.207243619776024,1.1723235217894417,29.628712012714583,1.164,4.791,2553.687
4.207927038236404,1.1720282417052703,29.63326342027268,1.163,4.791,2556.562
4.206999833839481,1.163177595605975,29.62596090077323,1.152,4.785,2559.469
4.206803404858878,1.1524457003850992,29.62366655294898,1.142,4.78,2562.375
4.206829002464397,1.14835252820848,29.62785196006732,1.142,4.78,2565.25
4.206981998312199,1.1522737748048424,29.6344474603685,1.142,4.78,2568.14
4.207177638720297,1.1488669856168303,29.63072429508588,1.141,4.78,2571.015
4.207984046401982,1.1496204099849172,29.62545623707806,1.141,4.78,2573.89
4.207178517751247,1.1377431013098382,29.62432142466773,1.13,4.775,2576.797
4.207458936051999,1.1371950242380138,29.616739312739156,1.13,4.775,2579.672
4.20749241287357,1.1376576303149215,29.612155606341105,1.129,4.775,2582.547
4.207887769621198,1.1376839419374882,29.61674810178168,1.129,4.775,2585.437
4.207141759853691,1.1277975552813009,29.608526243793644,1.119,4.769,2588.344
4.207457396814618,1.1275068668085662,29.610246578092557,1.118,4.769,2591.219
4.207800598164728,1.1274937299199688,29.60044073479208,1.118,4.769,2594.094
4.207462246953731,1.1155981897971303,29.594137226573725,1.107,4.764,2597.0
4.207548834263822,1.1172765126470063,29.59729309507896,1.107,4.764,2599.875
4.207757757163432,1.1143378345485186,29.59633644700589,1.106,4.764,2602.765
4.207128424623378,1.1036974311532737,29.58914411573544,1.096,4.758,2605.672
4.206645825182966,1.0923222217181996,29.58651218858667,1.087,4.753,2608.578
4.206612519042761,1.094560108928519,29.58245788638209,1.085,4.753,2611.453
4.206763947715795,1.0958569240192135,29.580246208184494,1.085,4.753,2614.328
4.207166098623672,1.0910351584054476,29.581845804363752,1.085,4.753,2617.203
4.207456964427124,1.0935851003090626,29.57093092034205,1.084,4.753,2620.109
4.207652121108928,1.0911600859283817,29.575311540984,1.084,4.753,2622.953
4.20731730790702,1.085072517022777,29.57007883574295,1.074,4.748,2625.812
4.207452897886445,1.079574719924621,29.562392721050745,1.074,4.748,2628.656
4.207724480123908,1.084326547345443,29.559214514124225,1.073,4.748,2631.5
4.207031833953038,1.073151481771851,29.555763080640705,1.065,4.742,2634.359
4.20718264246733,1.0732322300930424,29.55511730519808,1.065,4.742,2637.187
4.207848434266026,1.0763404780240793,29.55487538876944,1.064,4.742,2640.125
4.207031343458901,1.059472402228513,29.54646670203908,1.054,4.737,2643.031
4.20750323711632,1.062724084710058,29.550467756044693,1.054,4.737,2645.906
4.2075831457101325,1.063991357940417,29.543339404082097,1.054,4.737,2648.781
4.207002485239529,1.051000427228354,29.53844670441104,1.043,4.731,2651.687
4.2071369016261455,1.054754352745442,29.534591528471147,1.043,4.731,2654.562
4.207190235457356,1.0501251471298612,29.530821278744806,1.042,4.731,2657.453
4.207395646140256,1.050515134008404,29.53108751474613,1.042,4.731,2660.328
4.207853668709512,1.0511054909709714,29.52071594192451,1.042,4.731,2663.203
4.207265035188843,1.040691682852868,29.514420395653264,1.031,4.726,2666.109
4.207414449245609,1.0383658568385472,29.513375169330697,1.031,4.726,2668.984
4.207566422914467,1.0378027745231968,29.497516334974723,1.031,4.726,2671.875
4.206971197716918,1.0296283016081529,29.499657789870994,1.02,4.721,2674.781
4.207155515304545,1.0240925780339238,29.49346068584643,1.02,4.721,2677.656
4.207516807590538,1.0264885967970263,29.49075699860422,1.02,4.721,2680.531
4.207821442111025,1.0285815513395196,29.4814306323493,1.019,4.721,2683.422
4.208017284324368,1.0260742079147616,29.47567190533235,1.019,4.721,2686.297
4.20829985251337,1.0249287451257898,29.46872135184721,1.017,4.721,2689.172
4.208320538046084,1.0262093004852268,29.458728145474044,1.017,4.721,2692.047
4.208652347729427,1.0254428980821566,29.462772988537814,1.017,4.721,2694.937
4.208216514118578,1.0161383309707794,29.45792107455425,1.007,4.715,2697.844
4.207710612113321,1.0034941282051268,29.440596117264697,0.997,4.71,2700.75
4.207723992717525,1.0051549293847952,29.44413436710501,0.997,4.71,2703.625
4.207873539442321,1.0022769114437238,29.43505012700359,0.997,4.71,2706.5
4.208110519622182,1.0024036648957106,29.42207540581687,0.996,4.71,2709.375
4.208171491571006,1.0040962915745533,29.425303804093858,0.996,4.71,2712.25
4.208433485442276,1.0012498496397475,29.40977892755796,0.996,4.71,2715.14
4.208709169499369,1.0015178652771377,29.39966457373294,0.994,4.71,2717.953
4.208019490682813,0.9866494935644832,29.39971955283689,0.985,4.704,2720.797
4.207643791367884,0.9824323302015412,29.393693909334683,0.974,4.699,2723.687
4.2070697445247855,0.9714592712919172,29.38197187418038,0.964,4.694,2726.594
4.207141290504622,0.9674884518984384,29.37447814701988,0.964,4.694,2729.422
4.206968290019266,0.9735268792759898,29.37318572185481,0.964,4.694,2732.234
4.207240739855925,0.972562164140655,29.371583462524267,0.964,4.694,2735.078
4.207515417395989,0.9700687321323932,29.3572582873012,0.963,4.694,2737.953
4.207483005472277,0.969449630405231,29.35401250709305,0.963,4.694,2740.844
4.20784570443949,0.9718302190626408,29.35049143484821,0.963,4.694,2743.719
4.20816034091052,0.970280620742742,29.335289051191538,0.962,4.694,2746.609
4.208564050900833,0.9684448756614882,29.329942076408084,0.962,4.694,2749.484
4.207640861488551,0.9632308152718808,29.3250223732964,0.952,4.688,2752.406
4.207257569715542,0.9490930684623438,29.31806729967764,0.943,4.683,2755.312
4.207239584545199,0.9499650128315686,29.31091431490629,0.941,4.683,2758.187
4.207313488256782,0.950190745904289,29.302841296842185,0.941,4.683,2761.078
4.2076615147580485,0.947072959051235,29.291017439809966,0.941,4.683,2763.953
4.207628921537339,0.9470497821236143,29.29943158877088,0.941,4.683,2766.828
4.208174875379563,0.9515716655550048,29.27880834119659,0.94,4.683,2769.719
4.208083906700996,0.9489976897255928,29.277644071581864,0.94,4.683,2772.594
4.208438097044139,0.9494355204623192,29.263838476768093,0.94,4.683,2775.484
4.208519872043572,0.9466179245706772,29.257414461623668,0.939,4.683,2778.359
4.208846153041423,0.9462038950436502,29.25115141505652,0.939,4.683,2781.234
4.208192082354726,0.9367255215836192,29.248230446864973,0.928,4.677,2784.156
4.2076196192419575,0.9223367743368422,29.23466611156629,0.918,4.672,2787.047
4.2077249832083865,0.9285331421724,29.224621480019984,0.918,4.672,2789.937
4.207866031311473,0.9220832128704688,29.22019610445973,0.918,4.672,2792.75
4.207885025294519,0.9235107402483876,29.21502253129518,0.918,4.672,2795.562
4.208057755399416,0.9240522247276798,29.20337542380993,0.917,4.672,2798.422
4.207972737098904,0.9247705561843582,29.196870349739587,0.917,4.672,2801.281
4.208546195551364,0.922567931189747,29.18840711220328,0.917,4.672,2804.156
4.208820594349143,0.9252739719149188,29.173920770458444,0.916,4.672,2807.031
4.207978946578029,0.913935738090953,29.174421438060392,0.906,4.667,2809.875
4.20806392420692,0.9109638964582168,29.16131683492657,0.906,4.667,2812.703
4.20848347968661,0.9119593461162014,29.152630856787805,0.906,4.667,2815.547
4.2085200083606535,0.9143869529679632,29.15254610748057,0.905,4.667,2818.422
4.208750786405488,0.9125366280061212,29.142177434620496,0.905,4.667,2821.297
4.208160018021699,0.8992479088607416,29.13071513858021,0.895,4.661,2824.219
4.208104579082183,0.9010717861019124,29.117012472119978,0.894,4.661,2827.094
4.208587139406835,0.901147802036138,29.119644734996225,0.894,4.661,2829.969
4.207899166796965,0.8886341614974181,29.11684463611553,0.884,4.656,2832.812
4.207874181607831,0.8928196117621319,29.10887740857904,0.884,4.656,2835.625
4.208127595844923,0.8904563099372022,29.097139754654865,0.884,4.656,2838.484
4.208220257735704,0.8903360636390936,29.08677271867314,0.883,4.656,2841.344
4.208305259370303,0.8907190823664712,29.08094968570748,0.884,4.656,2844.234
4.208453261318375,0.8913811645838481,29.073525246898317,0.883,4.656,2847.109
4.208688896817753,0.8901565150338302,29.064027727551697,0.883,4.656,2849.984
4.20825636723148,0.8781732541254874,29.050437063535973,0.872,4.65,2852.906
4.208292932205266,0.8797185471674455,29.050575038143048,0.872,4.65,2855.781
4.20856071262429,0.8798125065738929,29.039547330842044,0.872,4.65,2858.656
4.20806611640666,0.8715901406933309,29.03907156492625,0.863,4.645,2861.578
4.208007808561932,0.8686566606492575,29.028230952495807,0.863,4.645,2864.453
4.208110747582208,0.8697595590522722,29.019027493214264,0.863,4.645,2867.328
4.208013662857264,0.8679395623528733,29.003776653528178,0.861,4.645,2870.14
4.208147880216034,0.8725609827039912,28.9945593194162,0.861,4.645,2872.969
4.20858129473475,0.8679631721617211,28.990893255756472,0.861,4.645,2875.812
4.207891925641008,0.8580774946414942,28.98382926695128,0.852,4.64,2878.703
4.207628138542167,0.8577799579195271,28.974589986257843,0.85,4.64,2881.594
4.207725479455822,0.8555443395945959,28.96314998074981,0.85,4.64,2884.469
4.208198322558735,0.8584797598254738,28.95874405515626,0.85,4.64,2887.344
4.208283794230574,0.8570883084621032,28.955306080319843,0.85,4.64,2890.219
4.208359454785925,0.8608329633574622,28.947293342796893,0.85,4.64,2893.031
4.208794111863525,0.8550278219098671,28.935038499761987,0.849,4.64,2895.844
4.2080326031021285,0.8455276507275858,28.929394683285967,0.839,4.634,2898.719
4.2080328850066815,0.8457703871160521,28.918263239157344,0.839,4.634,2901.578
4.207983620543638,0.8451584894006715,28.910617440968096,0.839,4.629,2904.453
4.20824016846602,0.8469087464919693,28.900547383607076,0.838,4.634,2907.265
4.208351631292448,0.8460610517270072,28.8819220550602,0.838,4.634,2910.094
4.20850305336793,0.8439486959805641,28.88121618047,0.838,4.634,2912.937
4.208365821079036,0.8451685241616892,28.874683540534463,0.838,4.634,2915.812
4.208895457764258,0.8426153903879537,28.868558653178592,0.838,4.634,2919.031
4.208110185105398,0.8331750286348604,28.857763439363,0.827,4.629,2922.031
4.2082223474349965,0.8342560344214756,28.85054684669453,0.827,4.629,2924.984
4.208712938760981,0.8335245963030936,28.841639198395853,0.827,4.629,2927.906
4.207762079434536,0.8244559772296234,28.823511870621594,0.818,4.623,2930.844
4.207972305598244,0.822953842339492,28.826932327738227,0.816,4.623,2933.75
4.208146818616608,0.8239117642273182,28.822739500695608,0.816,4.623,2936.672
4.208141374668532,0.8215132303584396,28.804751609326225,0.816,4.623,2939.578
4.208009629308394,0.8214798217533295,28.8048631093166,0.816,4.623,2942.5
4.208476511628668,0.8201913931175935,28.78649169256147,0.816,4.623,2945.406
4.208605794652186,0.8244610315299806,28.76779828404051,0.816,4.623,2948.312
4.207833946781881,0.811471291987532,28.77269212603015,0.805,4.618,2951.265
4.207916289207894,0.8099786089344078,28.76756255306293,0.805,4.618,2954.172
4.208293692623678,0.810818468603054,28.751028497180315,0.805,4.618,2957.094
4.208303100685945,0.8137291394828567,28.743413118056864,0.805,4.618,2960.031
4.208408917120159,0.8104693555268593,28.738716730644956,0.805,4.618,2963.0
4.2084101030764725,0.811835435743382,28.72906988743671,0.804,4.618,2966.031
4.208619804994145,0.8095103645293209,28.714022140186174,0.804,4.618,2968.953
4.207807428761045,0.8001755356137601,28.70787281401376,0.795,4.613,2971.906
4.207109060132144,0.791069900686036,28.704093719986773,0.785,4.607,2974.844
4.207215933585363,0.7925136507527539,28.69987309974896,0.784,4.607,2977.797
4.2074985993302025,0.7902531051849191,28.68871689135125,0.784,4.602,2980.765
4.207382894330795,0.7926677559280727,28.67478207250161,0.784,4.607,2983.703
4.206456414779116,0.7828174982664731,28.66378283258414,0.774,4.602,2986.64
4.207042168839984,0.7833922978481993,28.665483295451665,0.774,4.602,2989.562
4.207153415736635,0.7781956683213429,28.650200638658983,0.774,4.602,2992.484
4.207195390143163,0.7792928063849162,28.64764051574474,0.774,4.602,2995.39
4.206420182266188,0.7699113324854641,28.64526084311376,0.763,4.596,2998.328
4.206329532817895,0.7708830940794938,28.62891351085289,0.765,4.596,3001.297
4.206392409045593,0.7708211462331946,28.625640637900663,0.763,4.596,3004.25
4.206351232829497,0.7696787711218193,28.61786694617708,0.763,4.596,3007.187
4.206900226715414,0.7711430911875093,28.603147969725825,0.763,4.596,3010.109
4.206881510419138,0.7706762926043866,28.59976586293605,0.763,4.596,3013.015
4.206997987752457,0.7681342430406619,28.58916406600111,0.763,4.596,3015.937
4.207157885112415,0.7702372581390295,28.57792466324477,0.762,4.596,3018.844
4.207169856820577,0.7690047927323393,28.568646932662126,0.762,4.596,3021.765
4.206166203132105,0.76000194016382,28.563282539157296,0.752,4.591,3024.703
4.206576286169836,0.7585300264860798,28.555710588956934,0.752,4.591,3027.609
4.2057118256497725,0.7487660085331835,28.54421369994335,0.743,4.58,3030.547
4.204915923182278,0.7395876174441395,28.53647664103925,0.733,4.575,3033.484
4.205145374979216,0.7381495764129333,28.52551614751952,0.732,4.575,3036.406
4.20514821007868,0.7384229874257047,28.517625385441267,0.732,4.58,3039.328
4.204826588287048,0.7396767540779922,28.51736095143471,0.732,4.575,3042.234
4.205374777539157,0.7392262640794655,28.505728510588007,0.732,4.58,3045.156
4.205387024093776,0.7386444925401554,28.49230219458029,0.732,4.58,3048.062
4.205370796314094,0.738407343896529,28.49365859337236,0.732,4.58,3050.984
4.205338561403703,0.7402693528574699,28.477573925764112,0.732,4.58,3053.89
4.205500971971097,0.737755651678545,28.46573551495634,0.732,4.575,3056.797
4.205469391941361,0.7378334826646299,28.462488793553987,0.732,4.575,3059.719
4.206057030971938,0.7330011455749881,28.449285556308094,0.731,4.58,3062.625
4.2062027869576815,0.7356939929482444,28.44720532391827,0.731,4.575,3065.578
4.205950174462196,0.7372507926970907,28.436335453010383,0.731,4.58,3068.484
4.206219966839879,0.7359002883357376,28.4275985336632,0.731,4.58,3071.406
4.206291001742713,0.7356372009477813,28.420900454661798,0.731,4.58,3074.312
4.20635864022104,0.7343753580667284,28.409069670063268,0.729,4.58,3077.234
4.2066685567361,0.734436609592574,28.406551150190968,0.729,4.58,3080.156
4.205770693626571,0.7240040594782978,28.39968860230961,0.72,4.575,3083.094
4.205985197841725,0.7254235907891671,28.3869984439111,0.72,4.575,3086.0
4.206146731319089,0.7253245213789823,28.37355796912348,0.72,4.575,3088.922
4.206086330055521,0.7249430246361095,28.37027283000234,0.72,4.575,3091.844
4.206046298254154,0.7264023251818168,28.354088611334227,0.72,4.575,3094.765
4.206359211817331,0.7260843337415905,28.35158118023981,0.718,4.575,3097.672
4.206470602366397,0.727788980519694,28.3400170301166,0.718,4.575,3100.594
4.206477577270396,0.7259110995998387,28.341190517345535,0.718,4.575,3103.5
4.206852893900401,0.725865488432322,28.32999497518373,0.718,4.575,3106.406
4.206800346013311,0.724779419931861,28.3229434638117,0.718,4.575,3109.39
4.206865419883501,0.7246340865922611,28.3142966084528,0.718,4.575,3112.297
4.207038601461802,0.7244642284588656,28.300737360247947,0.717,4.575,3115.219
4.207535576053451,0.7234187474775821,28.297913839556585,0.717,4.569,3118.14
4.207480341840706,0.7233539754981876,28.280934298261407,0.717,4.575,3121.094
4.207449281126433,0.7210145188547861,28.277800722892135,0.717,4.575,3124.109
4.207551338071247,0.7222519857965625,28.269339022262397,0.716,4.575,3127.031
4.207781990867875,0.7236763595553931,28.255907265495345,0.716,4.575,3129.937
4.207685636654296,0.7235251880580352,28.252605975167267,0.716,4.575,3132.859
4.207103305523956,0.7132128215512761,28.24135129194358,0.706,4.569,3135.797
4.207462618501334,0.7138829887715529,28.232694968271986,0.706,4.564,3138.719
4.2076779826035,0.7122991102780036,28.21861419321896,0.705,4.564,3141.625
4.207342246885748,0.711826442584581,28.2181892149842,0.705,4.569,3144.547
4.207674533055089,0.7108431059034899,28.19993103910256,0.705,4.569,3147.484
4.2076916132289215,0.7126418389676392,28.198159002818667,0.705,4.569,3150.39
4.208125592116148,0.7109410491431136,28.19109531963253,0.705,4.569,3153.312
4.20794696355153,0.708183028098673,28.190364904810373,0.705,4.569,3156.219
4.20810007339894,0.7107398028053572,28.177489704584048,0.704,4.569,3159.234
4.208502585110488,0.7096255725603405,28.17347270780724,0.704,4.569,3162.156
4.208578770596136,0.7107267234194735,28.15641757305228,0.704,4.564,3165.062
4.207829513448793,0.7009010314308888,28.156824143624025,0.694,4.564,3168.0
4.207960946761553,0.6996067035293793,28.146877626710097,0.693,4.558,3170.922
4.207420866876234,0.6910420251660857,28.14301855437528,0.683,4.553,3173.89
4.206614054853877,0.6829841079860277,28.1406561187804,0.674,4.553,3176.906
4.206447650418712,0.6793963627726571,28.13755310846304,0.675,4.553,3179.89
4.206694979269935,0.6766914889160014,28.11654331924526,0.674,4.548,3182.844
4.206696040159507,0.67922313920598,28.10733572288515,0.674,4.553,3185.765
4.206714072054529,0.6814681915805684,28.108471079791588,0.674,4.553,3188.687
4.2067793446332304,0.6780672839253911,28.088206367997508,0.674,4.553,3191.609
4.206931352866362,0.6784526718058543,28.09281607516226,0.674,4.553,3194.515
4.207189227634887,0.678458726437415,28.08479961345808,0.674,4.548,3197.437
4.207322976820871,0.6797840782244189,28.073386212447,0.672,4.553,3200.344
4.206463223615764,0.6691300018330608,28.07479053905845,0.663,4.542,3203.297
4.20588986105966,0.6591992802216815,28.064987840170517,0.653,4.537,3206.25
4.2045523940812375,0.6504878751107114,28.05729442872913,0.644,4.531,3209.203
4.204192447457944,0.6361720035069053,28.055137550907123,0.634,4.531,3212.187
4.203984189139087,0.6385519187967464,28.03635171044212,0.634,4.526,3215.109
4.204025317670129,0.6412032201608936,28.033586226004168,0.634,4.531,3218.015
4.204008881804144,0.6406869811300238,28.026062559342733,0.634,4.531,3220.937
4.203875909213724,0.63918855989039,28.017436545482383,0.634,4.531,3223.844
4.204167069976698,0.6378729929513544,28.003713776249537,0.634,4.531,3226.765
4.204234349208432,0.6362664255196707,28.006909295032468,0.634,4.531,3229.672
4.204260301535439,0.6405848217603229,27.99038926094928,0.634,4.531,3232.578
4.203894193454721,0.6419470756032177,27.98496062218665,0.633,4.531,3235.5
4.204649841337774,0.6386180144478699,27.980076996651743,0.634,4.531,3238.406
4.204445893889862,0.6393215552306922,27.96442339505044,0.633,4.531,3241.312
4.2046395903473535,0.6410097679846296,27.95958766838769,0.633,4.531,3244.265
4.203790386757178,0.6287624750080768,27.95534831817549,0.623,4.526,3247.219
4.20347183263813,0.6270151940944056,27.938686320033657,0.623,4.526,3250.187
4.204672385557606,0.6392304263820496,27.935797269248717,0.633,4.531,3253.156
4.204743344202726,0.638366320777388,27.938945455945035,0.633,4.531,3256.078
4.205026997737964,0.6365208649197462,27.927882676326348,0.633,4.531,3259.0
4.205079829998518,0.6387901540311631,27.927424314108237,0.633,4.531,3261.922
4.205031738368588,0.6388032677577142,27.9185924489536,0.632,4.531,3264.828
4.205045475649352,0.6386656650219132,27.912176937887374,0.632,4.531,3267.734
4.205080242925179,0.6341331777089356,27.90443109604383,0.632,4.531,3270.656
4.205380573292675,0.6378013084012402,27.88602928217006,0.632,4.531,3273.562
4.205564588666021,0.6388332675592873,27.880626910237613,0.632,4.531,3276.469
4.205629775274702,0.6344522401727721,27.88182824410884,0.632,4.531,3279.39
4.205737640891398,0.6398350236232075,27.87274733748381,0.632,4.531,3282.297
4.205597123230817,0.6416567488970812,27.865107462515507,0.632,4.531,3285.234
4.204937527964774,0.6237005001698236,27.85626949913199,0.621,4.526,3288.172
4.205426585515665,0.6272317320143885,27.837067784568077,0.621,4.526,3291.187
4.204386834012415,0.6195614201915076,27.838389172687144,0.611,4.515,3294.156
4.203746176592059,0.6067326268229727,27.83541712884683,0.602,4.515,3297.14
4.203347240846075,0.6063989366380566,27.828662591715684,0.602,4.51,3300.14
4.204670827050623,0.6134388419409298,27.813292350014866,0.611,4.515,3303.172
4.20371936692739,0.605364216329264,27.81190398643724,0.602,4.51,3306.14
4.203729739822661,0.6093271882949651,27.811972625870645,0.6,4.515,3309.187
4.203914728091879,0.6036998360123221,27.80450874235868,0.6,4.51,3312.234
4.203942726808271,0.6023319624979346,27.797716791243985,0.6,4.51,3315.265
4.204173648042314,0.606027738980221,27.780933626030663,0.6,4.515,3318.265
4.204352665874614,0.6038663591462139,27.773262696589708,0.6,4.51,3321.281
4.204118693283376,0.6037517777001747,27.75879037335601,0.6,4.515,3324.265
4.204458637074159,0.603645534016614,27.76232529658016,0.6,4.515,3327.281
4.204389645977311,0.6032318962157579,27.74778531784892,0.6,4.515,3330.312
4.204429827239134,0.6044135464173026,27.7422782614442,0.6,4.515,3333.312
4.204506930577221,0.6008594900476276,27.74115711625347,0.599,4.51,3336.234
4.204982213591036,0.6025163190340775,27.73289585723952,0.599,4.51,3339.187
4.204903266659404,0.6029563635280728,27.727449537196303,0.599,4.515,3342.219
4.20405571430051,0.5921769223250255,27.716144584947173,0.589,4.504,3345.187
4.2034395048948845,0.5851116776884842,27.70769016387747,0.58,4.499,3348.156
4.203157237453183,0.5863915828847107,27.703997448944275,0.58,4.499,3351.094
4.203360173650991,0.5822385348427537,27.697922086275945,0.579,4.499,3354.0
4.203260492531728,0.5840760753949232,27.69702952644439,0.579,4.499,3356.906
4.203391050907596,0.5839311447521381,27.6848496948107,0.579,4.499,3359.828
4.20354212957986,0.5834211421663764,27.67308251104083,0.579,4.499,3362.734
4.203571271737973,0.5834730696834464,27.667539284341657,0.579,4.499,3365.656
4.20350295130851,0.5824472922949072,27.6580525383152,0.579,4.499,3368.562
4.203446442221467,0.5800093915942808,27.65059510658198,0.579,4.499,3371.469
4.203452939454492,0.5843196026687284,27.656159671198704,0.579,4.499,3374.39
4.203882914072815,0.5824858102836594,27.65211217440595,0.579,4.499,3377.312
4.203972919092965,0.5819368790818383,27.641744828827942,0.579,4.499,3380.25
4.203806236410113,0.5840434298076207,27.628731533844963,0.577,4.499,3383.156
4.203888250501189,0.583130768079437,27.61990898187192,0.577,4.499,3386.078
4.2041830832962495,0.579454940342921,27.609218224782968,0.577,4.499,3388.984
4.2043914410435175,0.5804148466124033,27.612072906327192,0.577,4.499,3391.906
4.204344060787761,0.5825597270643317,27.604087232603263,0.577,4.499,3394.812
4.204545867119727,0.5809999460592079,27.59490045405772,0.577,4.499,3397.734
4.204827339943945,0.578417626729437,27.59100466872964,0.577,4.499,3400.656
4.203607606747592,0.5716764559688782,27.58538535985464,0.568,4.494,3403.578
4.204053864401363,0.5712579309029114,27.58083869338181,0.566,4.494,3406.5
4.20390047096357,0.5717697711211284,27.583262780996307,0.566,4.494,3409.422
4.204074287863709,0.5711100159368073,27.56672640408408,0.566,4.494,3412.328
4.204029882190508,0.5713652758998268,27.56245714535077,0.566,4.494,3415.234
4.204321125891857,0.5739197962549286,27.5579746592774,0.566,4.494,3418.156
4.204180902774469,0.5682513187995784,27.54833364628232,0.566,4.494,3421.062
4.204281280108851,0.5717535020093896,27.54309334070469,0.566,4.494,3423.984
4.204384378408288,0.5718020139872692,27.532400595559423,0.566,4.494,3426.89
4.204626967628412,0.5703974747014477,27.52302494601048,0.565,4.494,3429.812
4.203560686549332,0.5616914978510456,27.51529958363661,0.555,4.488,3432.75
4.203964325719182,0.5595347777929413,27.508637360641572,0.555,4.488,3435.656
4.204074210866024,0.5604333468719981,27.50100493399212,0.555,4.488,3438.578
4.203844106636313,0.5602797875068648,27.495840439167388,0.555,4.488,3441.484
4.203997726528949,0.5603816020249225,27.489559774916845,0.555,4.488,3444.406
4.204010465158289,0.5644405320605912,27.4868251119971,0.555,4.488,3447.312
4.2043215395399525,0.5576774835725853,27.47065514774695,0.555,4.488,3450.234
4.204492002295451,0.561101344569506,27.4665288171667,0.555,4.488,3453.156
4.204190531528384,0.560677627420378,27.458663660854494,0.555,4.488,3456.094
4.204587424345046,0.5586449460739927,27.456319657338376,0.554,4.488,3459.031
4.203886699725101,0.5476378689938766,27.45542388437851,0.545,4.483,3461.984
4.204752862607706,0.5581210934485212,27.442537780385745,0.554,4.488,3465.031
4.20383854736855,0.5501628244560702,27.44362738195099,0.545,4.488,3467.969
4.204109964855305,0.5477981382074077,27.427896400398637,0.545,4.483,3471.015
4.203813023530135,0.5487654412491095,27.41629483212309,0.545,4.488,3474.031
4.203991521017359,0.5497526495992255,27.40590926644468,0.545,4.483,3477.062
4.203985226042192,0.5496077807728306,27.4083532099005,0.545,4.483,3480.094
4.204340431386667,0.547427354033714,27.39699770085547,0.543,4.483,3483.125
4.204660693840034,0.5482981441545816,27.390250529481538,0.543,4.488,3486.125
4.203501956544386,0.5382255766521515,27.39082909874843,0.534,4.477,3489.125
4.203671493224858,0.5375159713472287,27.38761131673511,0.534,4.477,3492.109
4.204066087412968,0.5348159678585128,27.373487763636454,0.534,4.477,3495.047
4.203841800422202,0.5403382119961833,27.368190711983,0.534,4.477,3497.953
4.203965506087794,0.535827892944711,27.366391111310797,0.534,4.477,3500.89
4.203941040857081,0.5377628991837308,27.36109696791648,0.534,4.477,3503.797
4.203981340026083,0.5363440188457008,27.35432894752375,0.534,4.477,3506.703
4.204168565356683,0.5388461757840093,27.35682516699593,0.534,4.477,3509.625
4.204204083480096,0.5365460679311925,27.346519463170573,0.532,4.477,3512.531
4.2042170373274885,0.5380114880854063,27.3386156304299,0.532,4.477,3515.437
4.204278863901627,0.5384581196328654,27.33489812524207,0.532,4.477,3518.359
4.204339273623022,0.5364714670953835,27.33334022208367,0.532,4.477,3521.297
4.204416686420382,0.538478733056753,27.320810849773032,0.532,4.477,3524.203
4.204555187207784,0.5367482745861135,27.309567715911783,0.532,4.477,3527.109
4.203977746871791,0.5284159149929507,27.30379768304119,0.523,4.472,3530.062
4.204115791521251,0.5240719754791634,27.30009514715868,0.523,4.472,3532.969
4.203888720474733,0.530781917600125,27.29421486368801,0.523,4.472,3535.875
4.204021845932079,0.5284659203986207,27.28445049760442,0.521,4.472,3538.797
4.2038933440803925,0.5285655368978917,27.27885489048517,0.521,4.472,3541.703
4.204036778369516,0.5243091010462612,27.276988505575925,0.521,4.472,3544.625
4.204451184945107,0.5251297931510273,27.26264796538893,0.521,4.472,3547.531
4.204168555156616,0.5265215653497216,27.259723821999525,0.521,4.472,3550.453
4.204190909623802,0.5246056841882232,27.257330007012907,0.521,4.472,3553.375
4.204426186343626,0.5247636357987939,27.248465814939703,0.521,4.472,3556.281
4.204475843205179,0.5263496345500166,27.256081968943597,0.521,4.472,3559.203
4.204889013442807,0.5231525138632271,27.23712646544105,0.52,4.472,3562.14
4.203854998222947,0.5135914260727404,27.23191028646024,0.511,4.467,3565.078
4.203862163654331,0.5154515242309764,27.215776810468856,0.511,4.467,3568.0
4.204031395319601,0.5116125066665131,27.218255384403054,0.511,4.467,3570.906
4.204108321820394,0.516906800489415,27.21323003394294,0.511,4.467,3573.828
4.20421627093785,0.513840513292337,27.204733804163613,0.511,4.467,3576.734
4.204363652433648,0.5163503074837305,27.20334582975529,0.511,4.467,3579.656
4.204366243263365,0.5162304566626469,27.19367665131232,0.511,4.467,3582.578
4.20439242929687,0.5142975604636376,27.194566228801275,0.509,4.467,3585.484
4.204561915337857,0.5132327423550678,27.177320391771254,0.511,4.467,3588.406
4.204792160832718,0.5138153546364644,27.177787870724853,0.509,4.467,3591.328
4.204750475067391,0.5157687867265442,27.175194626191345,0.509,4.467,3594.234
4.204828618715439,0.5150579408616441,27.170918597736385,0.509,4.467,3597.187
4.204881443922168,0.5138263476754861,27.153539735449225,0.509,4.467,3600.094
4.2051244159203,0.5122191561785381,27.157676222365808,0.509,4.467,3603.015
4.205127193423523,0.5148536115321862,27.14501322160662,0.509,4.467,3605.922
4.20518182899154,0.5134272313370049,27.142025083432223,0.509,4.467,3608.844
4.205186719570658,0.5119212183434376,27.133305984422066,0.508,4.467,3611.75
4.20535934897939,0.5106929237885051,27.13201356916704,0.508,4.467,3614.672
4.205375084769509,0.5150098167667246,27.12817421916231,0.508,4.467,3617.594
4.205710819451469,0.513309248359807,27.122047942880236,0.508,4.467,3620.5
4.2047585984101215,0.503724138800355,27.12016047837397,0.498,4.461,3623.437
4.203948044906153,0.4921391949879359,27.107953148750187,0.488,4.456,3626.375
4.203986794601772,0.4883871985466931,27.103102273918932,0.488,4.456,3629.297
4.204086946034377,0.4928828453289206,27.10003341438782,0.488,4.456,3632.203
4.204095131570417,0.4927664040168223,27.087957156712445,0.488,4.456,3635.125
4.204000613603233,0.49235719197093,27.08604846094641,0.488,4.456,3638.031
4.204024825690861,0.4919533714264982,27.084680571022325,0.488,4.456,3640.953
4.204373105434673,0.4934805894507535,27.07670351955735,0.488,4.456,3643.859
4.204267700430704,0.4924968521109217,27.07672244225193,0.488,4.456,3646.781
4.2044065587494455,0.4917132799200227,27.06543197958284,0.488,4.456,3649.687
4.204483438568769,0.4923342105175278,27.06545233067536,0.488,4.456,3652.609
4.20467406004208,0.4933247829908205,27.05921490208915,0.488,4.456,3655.515
4.204738453506465,0.4900577385511314,27.05321912868762,0.488,4.456,3658.453
4.20458426843395,0.4920066292569759,27.041166368282653,0.488,4.456,3661.375
4.204876761066821,0.4900923853585153,27.04710343847273,0.486,4.456,3664.281
4.204752288637487,0.4915917533264368,27.03406273486274,0.486,4.456,3667.203
4.204760091657918,0.4902671156176202,27.03115837866288,0.486,4.456,3670.109
4.204926338557488,0.4910540779692544,27.023007115567573,0.486,4.456,3673.031
4.205057339530468,0.4924144633027955,27.02195487688173,0.486,4.456,3675.937
4.205251053045799,0.4908026055119235,27.017661696661172,0.486,4.456,3678.844
4.205408808245248,0.4981092751046261,27.009733741934397,0.486,4.456,3681.75
4.205587416237944,0.493387754877944,27.002753186212036,0.486,4.456,3684.672
4.2040755230837386,0.4771503129141636,26.999453719517444,0.475,4.45,3687.609
4.204505999855241,0.4794648486327539,26.989653247637424,0.475,4.45,3690.515
4.204561086683031,0.4798082223211774,26.99257502601296,0.475,4.45,3693.437
4.2040263740493975,0.4714635651841365,26.990954383797387,0.466,4.445,3696.375
4.203854443531581,0.4707997751013247,26.97667326523075,0.466,4.445,3699.297
4.203798952369845,0.4700224022631894,26.97392201475673,0.466,4.445,3702.203
4.20397915060662,0.4707269908277684,26.968254371174776,0.466,4.445,3705.125
4.204312097041739,0.4718003032795513,26.96547792271957,0.466,4.445,3708.047
4.204028054971915,0.4695355011787804,26.957222936017423,0.466,4.445,3710.953
4.20399509374098,0.4688769535323249,26.95123768113039,0.466,4.445,3713.875
4.204212506819273,0.4697618552736544,26.94629536836883,0.466,4.445,3716.781
4.204130606022152,0.470752297029654,26.938785958875894,0.466,4.445,3719.703
4.2044145016794605,0.4683645961206849,26.920037921835025,0.466,4.445,3722.609
4.204341072089511,0.4698290783980518,26.918643160179837,0.466,4.445,3725.547
4.20442226393475,0.469223424919864,26.91359341742351,0.464,4.445,3728.547
4.204439273392858,0.4657615784197896,26.91044361409787,0.464,4.445,3731.484
4.204912304575111,0.4689826944050572,26.91004312069123,0.464,4.445,3734.406
4.203974843197369,0.4591588321124371,26.896977643240447,0.455,4.44,3737.359
4.203520459600678,0.460052490211009,26.898600758827246,0.455,4.44,3740.265
4.203864492371268,0.4582994775079511,26.883261203014232,0.455,4.44,3743.187
4.203917694054333,0.455277094041368,26.880347698963213,0.455,4.44,3746.094
4.203884525748261,0.4576979545167434,26.88343567459833,0.455,4.44,3749.015
4.204063333744145,0.4576159715593917,26.88097718439361,0.455,4.44,3751.922
4.203901224084032,0.461479393475741,26.871970924210125,0.455,4.44,3754.844
4.2041535772566885,0.4593491576962223,26.86881768660128,0.454,4.44,3757.797
4.204229362649079,0.4608144113522748,26.860727820002417,0.454,4.44,3760.75
4.204237347782426,0.4575166215464489,26.85316075359839,0.454,4.44,3763.672
4.204188371989386,0.4589785959567972,26.848748529778412,0.454,4.44,3766.594
4.204408724712017,0.4569897248029905,26.840453942825366,0.454,4.44,3769.5
4.20447992483248,0.4602085677356627,26.83890223062422,0.454,4.44,3772.406
4.2046285069088345,0.4570242781318018,26.82995279739541,0.454,4.44,3775.328
4.204564034765827,0.4582381216960287,26.82798451084073,0.454,4.44,3778.234
4.204574599819234,0.4578830538311749,26.827992928022883,0.454,4.44,3781.156
4.204997109562126,0.4575445795226734,26.824551224421494,0.454,4.44,3784.062
4.204840306371118,0.4576200983075784,26.81818105236717,0.452,4.44,3786.984
4.20483010290442,0.4592067420356065,26.822709519410697,0.452,4.44,3789.906
4.205074296621504,0.4568113796429522,26.814456594383188,0.452,4.44,3792.812
4.205187503218509,0.457546019978482,26.81621639455545,0.452,4.44,3795.734
4.204813437413206,0.4573333522032368,26.790112122837638,0.452,4.44,3798.656
4.205174681626032,0.4561561432294998,26.801483171599997,0.452,4.44,3801.562
4.205217390475457,0.4548375599863018,26.794283439259,0.452,4.44,3804.484
4.205443953334638,0.4556593158568614,26.78530111414183,0.452,4.44,3807.406
4.205222585700764,0.4583227605493569,26.777607200463983,0.452,4.44,3810.312
4.205691082731867,0.4570269872658631,26.767675682583764,0.451,4.44,3813.234
4.204637799880618,0.4477824451140207,26.762460856588607,0.441,4.434,3816.172
4.203905393744947,0.4362215065303182,26.752777800441905,0.432,4.429,3819.109
4.204093589867637,0.4365974336591441,26.759535037652064,0.432,4.429,3822.031
4.204159568470967,0.4330916917406718,26.753273655331476,0.432,4.429,3824.937
4.20388298793386,0.4340878657436151,26.74499186609832,0.432,4.429,3827.844
4.204016035125618,0.4383241293448435,26.739644509226284,0.432,4.429,3830.765
4.204162307749375,0.4335866642995546,26.73848198737157,0.432,4.429,3833.672
4.204310686776443,0.4366689933859735,26.731532291410996,0.432,4.429,3836.578
4.204317084365568,0.4351128091994163,26.729406251203343,0.432,4.429,3839.484
4.204342747613069,0.4345244131836438,26.729551068878543,0.432,4.429,3842.406
4.204366736886839,0.4377999552321737,26.7205577535442,0.43,4.429,3845.312
4.20405079429389,0.4345639132238637,26.70896465658689,0.43,4.429,3848.234
4.204475534871927,0.43585711804252,26.71172879902136,0.43,4.429,3851.172
4.204436537512425,0.4365014706755865,26.695143169853942,0.43,4.429,3854.078
4.204760643493688,0.435009210643952,26.699887626222527,0.43,4.429,3857.0
4.204673546338456,0.4327067508962433,26.69144640639774,0.43,4.429,3859.922
4.2047736633855255,0.4349566848833097,26.679691379298184,0.43,4.429,3862.828
4.204851545745743,0.4367097737136676,26.678815915026316,0.43,4.429,3865.734
4.2047940788147065,0.4369768028935978,26.679152724376053,0.43,4.429,3868.656
4.204954849091456,0.4320664594881764,26.66814149421104,0.43,4.429,3871.578
4.204877869346556,0.4345349533237456,26.671451011607868,0.43,4.429,3874.484
4.204984217526225,0.4351789362349399,26.659704222860174,0.429,4.429,3877.406
4.205333494478653,0.4300788932865917,26.657625179586688,0.429,4.429,3880.312
4.205281098378599,0.4343238705302565,26.653618414678977,0.429,4.429,3883.234
4.205221608031493,0.4315310740385118,26.654661712213915,0.429,4.429,3886.156
4.204952725082823,0.4326849027904839,26.64660973145021,0.429,4.429,3889.078
4.205469498162999,0.4331372914468216,26.647518442536423,0.429,4.429,3891.984
4.2055055791463305,0.4328903239428658,26.640150365949644,0.429,4.429,3894.906
4.205951119970303,0.4291154568533473,26.633046768365556,0.428,4.429,3897.828
4.2049715374293415,0.4232782675497709,26.624477901665127,0.42,4.423,3900.765
4.204334867709939,0.4136033687370782,26.628936418147244,0.409,4.418,3903.703
4.204414182350931,0.4106237773598289,26.61788024009052,0.409,4.418,3906.609
4.204232172730024,0.4117789665864341,26.61757318098669,0.409,4.418,3909.531
4.204028095517913,0.4092676842102392,26.615669395889476,0.409,4.418,3912.437
4.204030632890828,0.4133210212714117,26.606913844870803,0.409,4.418,3915.359
4.203939318590508,0.4119545260166865,26.608535509118493,0.409,4.418,3918.265
4.2041474513903445,0.4128785883199628,26.59424695323465,0.409,4.418,3921.187
4.204353372160628,0.4108932633928927,26.602790909858257,0.409,4.418,3924.094
4.204534624222187,0.4144828637529565,26.590512090521585,0.409,4.418,3927.0
4.204343034157762,0.4148864213044947,26.587465879734257,0.409,4.418,3929.922
4.204231636509293,0.4107003219366804,26.58316213965584,0.409,4.418,3932.828
4.204643818652794,0.4130030839997293,26.574429931364,0.409,4.418,3935.765
4.204634591770444,0.4113483352860686,26.56882175120806,0.409,4.418,3938.672
4.204328895096994,0.4122979168652749,26.555269291003267,0.409,4.418,3941.578
4.204568487604072,0.4094046105723146,26.55673755392805,0.409,4.418,3944.5
4.204796277308658,0.4116950129469651,26.553834746367137,0.409,4.418,3947.406
4.204748462836164,0.4068695031588216,26.54581357861725,0.407,4.418,3950.328
4.20487918903615,0.4142443245513268,26.54349135079616,0.409,4.418,3953.234
4.205078436507262,0.4092778902016776,26.5457991651434,0.407,4.418,3956.14
4.204849285672667,0.4077700381318433,26.540666498244164,0.407,4.418,3959.062
4.2051790572163865,0.4120698805118557,26.535532508792013,0.407,4.418,3961.984
4.20511961457071,0.4102973362547519,26.519868455175,0.407,4.418,3964.89
4.205339137588956,0.409815459736551,26.524870000098893,0.407,4.418,3967.797
4.205467398962205,0.4101744932076672,26.521084046721057,0.407,4.418,3970.719
4.205503149050776,0.4118255716598249,26.51291018538776,0.406,4.418,3973.64
4.205259722344603,0.4107018827582746,26.515604455142576,0.407,4.418,3976.562
4.205546062776501,0.4122219434569026,26.508893084369078,0.406,4.418,3979.469
4.205489669162132,0.4104194512226413,26.50077414105717,0.406,4.418,3982.375
4.205520266646895,0.4114530400967013,26.504893703685504,0.406,4.418,3985.297
4.2057961036569536,0.4110607012693074,26.503087776191023,0.406,4.418,3988.219
4.2048490454142895,0.400469807921583,26.4884387927711,0.396,4.413,3991.156
4.204774046387982,0.4010601462685618,26.484864223306783,0.395,4.413,3994.078
4.204934732244273,0.4002980142746563,26.48276461506103,0.396,4.413,3996.984
4.20497845952575,0.4033760398745921,26.478559312483284,0.396,4.413,3999.906
4.205172384121862,0.398044116094093,26.46968406345322,0.395,4.413,4002.812
4.204972935915664,0.4029808158797244,26.464905521012412,0.395,4.413,4005.734
4.20509283605187,0.3985440847706522,26.46798014621403,0.395,4.413,4008.64
4.205510812630681,0.3992398482091353,26.45616459332952,0.395,4.413,4011.562
4.2055632856904,0.3991878471184794,26.454184022756102,0.395,4.413,4014.469
4.204810161032103,0.388621269728392,26.446032566906077,0.386,4.407,4017.406
4.204627174272711,0.39293717085751,26.447970190292637,0.386,4.407,4020.328
4.204513271393934,0.3894405555016267,26.44113834102616,0.386,4.407,4023.234
4.204557355700431,0.3886735709517782,26.43404503887681,0.386,4.407,4026.156
4.204614897569351,0.3882684838017907,26.43344596027405,0.386,4.407,4029.078
4.204675998425551,0.3902467749487607,26.43181143553812,0.386,4.407,4031.984
4.204856027469599,0.390301341401389,26.425389299020623,0.386,4.407,4034.89
4.204806711879365,0.3881056611366841,26.4198550639142,0.386,4.407,4037.812
4.204750360918386,0.3886495932533757,26.41310866916387,0.384,4.407,4040.75
4.204580951314213,0.3890472209931225,26.413026288939367,0.384,4.407,4043.75
4.2048810693679135,0.3853220310190107,26.412638189027064,0.384,4.407,4046.75
4.2049265905352105,0.3846800335934129,26.400617712268787,0.384,4.407,4049.734
4.2050237904283465,0.3847888948252475,26.39571169585852,0.384,4.407,4052.672
4.205045169026276,0.3854096846735701,26.394455063215016,0.384,4.407,4055.609
4.205261771532363,0.3856543672647129,26.389250085058357,0.384,4.407,4058.515
4.205167169029122,0.3872900618613647,26.38977174484664,0.384,4.407,4061.437
4.205634637265836,0.3874392239585921,26.386291469021096,0.384,4.407,4064.344
4.2046103103006605,0.3802190866308012,26.377909800258504,0.375,4.402,4067.297
4.2044079658090645,0.3767143488570074,26.382155185277146,0.375,4.402,4070.203
4.204537532005897,0.3786306270081114,26.37313415804178,0.375,4.402,4073.109
4.204471987736591,0.3779447616657309,26.374744773905206,0.375,4.402,4076.015
4.205154854369157,0.3793807066960888,26.36015362952631,0.375,4.402,4078.922
4.204498688591452,0.3756277071424224,26.35362111153429,0.375,4.402,4081.844
4.204928208576169,0.3764644514573569,26.35158555327741,0.373,4.402,4084.89
4.2046196118467165,0.3750470890452402,26.356797044005187,0.373,4.402,4087.922
4.204782665386236,0.3775745010076565,26.35257592002537,0.373,4.402,4090.859
4.204658104303376,0.3789558047461481,26.34642607234299,0.373,4.402,4093.781
4.2048640312067125,0.3829124085282313,26.3447594747142,0.373,4.402,4096.703
4.204948419632816,0.378504415449712,26.33595453443179,0.373,4.402,4099.625
4.204842740765367,0.3801443102676615,26.33287737558939,0.373,4.402,4102.531
4.205007110947287,0.3755921475816347,26.324406454665983,0.373,4.402,4105.453
4.204995597370243,0.3750064688429742,26.32041145086852,0.373,4.402,4108.359
4.205157575087931,0.3755336273906453,26.32187046921872,0.373,4.402,4111.281
4.20521739844121,0.376211642448824,26.31561547601968,0.373,4.402,4114.187
4.2055660744383605,0.3738821829086458,26.320962359785348,0.373,4.402,4117.109
4.204397289606382,0.3689763578355033,26.30852503265028,0.364,4.396,4120.047
4.204501871923795,0.3664102633821874,26.30678931510316,0.364,4.396,4122.969
4.2044196593583,0.3683341812337332,26.30246005178328,0.362,4.396,4125.89
4.204721782768693,0.3699864218034107,26.29162944438794,0.362,4.396,4128.797
4.204707365390754,0.3638273651456276,26.29146555066879,0.362,4.396,4131.719
4.2046460032653865,0.3681303837649089,26.288229219856294,0.362,4.396,4134.625
4.204766373956876,0.3678785499794321,26.28295577158311,0.362,4.396,4137.547
4.204637630864478,0.3672368387698455,26.281498736854594,0.362,4.396,4140.453
4.204921968475115,0.3669515632495115,26.27264227612605,0.362,4.396,4143.375
4.204948483132503,0.3668419768486868,26.26462881198428,0.362,4.396,4146.281
4.205051254396666,0.3636761187636713,26.266547566790976,0.362,4.396,4149.203
4.2051540433686645,0.3668195437094412,26.262913171874263,0.362,4.396,4152.14
4.205039597894484,0.3695138083397185,26.25613444472541,0.362,4.396,4155.062
4.204858920497491,0.3667258420294499,26.257526100809734,0.362,4.396,4157.969
4.205121431232728,0.3660459372337405,26.2467790257344,0.362,4.396,4160.89
4.20524043071742,0.3655515079490049,26.25000491990155,0.362,4.396,4163.797
4.205191217257327,0.3625728648652108,26.25157294940132,0.362,4.396,4166.719
4.205350729093963,0.3644687298805234,26.245627093019102,0.361,4.396,4169.625
4.205276415230305,0.3660410618899717,26.23842635136304,0.361,4.396,4172.547
4.205590282516407,0.3650705426970897,26.237507159865107,0.361,4.396,4175.453
4.204795792256386,0.3531651150960788,26.232462441612657,0.352,4.391,4178.406
4.204702999336566,0.3574426185453435,26.229345807198168,0.352,4.391,4181.312
4.204530518892603,0.3577132666421259,26.231721943899963,0.352,4.391,4184.234
4.20455077209625,0.3559774075684886,26.21296997289901,0.352,4.391,4187.14
4.204685883647899,0.353826458445583,26.21473948276,0.352,4.391,4190.062
4.204731124406551,0.3548426031691262,26.2020460766243,0.352,4.391,4192.984
4.204887229821435,0.3547005962045855,26.210283801982104,0.352,4.391,4195.89
4.204859478039569,0.3546579192505494,26.207290272788786,0.352,4.391,4198.812
4.205057902782186,0.3542654069366411,26.20116947171496,0.352,4.391,4201.719
4.204942236518602,0.3551405570099756,26.190906897932837,0.352,4.391,4204.64
4.205013117615208,0.3549628380407541,26.18825060987562,0.352,4.391,4207.562
4.205102571512349,0.3553027041651541,26.188230722192355,0.352,4.391,4210.5
4.205312441026529,0.3526650984309387,26.177439262639258,0.35,4.391,4213.406
4.205319688942492,0.3551860276860668,26.17846751487,0.35,4.391,4216.328
4.2049773168074855,0.3555736179781485,26.171055518742243,0.35,4.391,4219.25
4.20552514123172,0.3570040758550512,26.166847362406266,0.35,4.391,4222.156
4.2053405684893725,0.354323899465552,26.1646602502912,0.35,4.391,4225.078
4.20538872951984,0.3529019054057199,26.15943210407601,0.35,4.391,4227.984
4.205399597473226,0.3565860950904003,26.15370634440101,0.35,4.391,4230.906
4.205613392160966,0.3531834237726312,26.145079443991275,0.35,4.391,4233.812
4.204391540320569,0.3446958395496607,26.151735782411983,0.341,4.386,4236.765
4.204684198427688,0.345316937996937,26.138815628796845,0.341,4.386,4239.672
4.204716944066721,0.3444896559085942,26.13985165411552,0.341,4.386,4242.594
4.204824487481112,0.3438014642324181,26.13478969367378,0.341,4.386,4245.515
4.204799692771851,0.3447924792718068,26.131788135467374,0.341,4.386,4248.422
4.204782447505624,0.3427109523980418,26.136039800374714,0.341,4.386,4251.344
4.205088614625347,0.3452848502162656,26.11729710202528,0.341,4.386,4254.25
4.204941574436875,0.3405833069527915,26.119905401078057,0.341,4.386,4257.172
4.204759417542411,0.344077264109087,26.11730128438526,0.339,4.386,4260.078
4.205165344464028,0.3425926778417791,26.115483598161564,0.339,4.386,4263.0
4.204987052249578,0.3466958184510831,26.11064582009462,0.339,4.386,4265.906
4.20513204674172,0.3436804647598649,26.106418674880956,0.339,4.386,4268.844
4.205203806015287,0.3424968042980997,26.10215945960537,0.339,4.386,4271.75
4.205235099559048,0.3448508530164774,26.09762529135553,0.339,4.386,4274.672
4.205117629830381,0.3418740000167325,26.10129702471938,0.339,4.386,4277.578
4.205464762360307,0.3427418844313688,26.094132550227037,0.339,4.386,4280.5
4.205588690211505,0.3439425987011638,26.094071315669023,0.339,4.386,4283.406
4.204756525418402,0.3310760115914782,26.09197938093473,0.33,4.38,4286.344
4.204782760938262,0.3317523568891103,26.08522218488693,0.33,4.38,4289.265
4.204618169599337,0.3305248978277721,26.08374180242478,0.33,4.38,4292.172
4.2047489830191385,0.3346608468965595,26.08136393861056,0.33,4.38,4295.094
4.204693458797946,0.335549552687757,26.07938040196845,0.33,4.38,4298.0
4.204986624027011,0.3323691155735526,26.08397056395721,0.33,4.38,4300.922
4.204513017215652,0.3331359451351894,26.072172921368693,0.33,4.38,4303.828
4.204909359581573,0.3298107144878392,26.07532978675439,0.33,4.38,4306.734
4.204886391474126,0.33191427498334,26.063670668373447,0.33,4.38,4309.656
4.20493194968786,0.3329537837817969,26.06038841038505,0.329,4.38,4312.562
4.204977375743299,0.3320887147541606,26.061295028962487,0.329,4.38,4315.484
4.204946427257605,0.3324256051994195,26.050874295659906,0.329,4.38,4318.422
4.205106887024965,0.3331854617736923,26.04694123300676,0.329,4.38,4321.344
4.2052770116788185,0.331322614370985,26.042145372900887,0.329,4.38,4324.25
4.205085209076027,0.3325695712400468,26.03968922443477,0.329,4.38,4327.172
4.20528566419997,0.3338146376595584,26.0393210610806,0.329,4.38,4330.078
4.205420953096944,0.3353540306899436,26.041059829498924,0.329,4.38,4333.0
4.205518536979969,0.3300313923498684,26.039727041839217,0.329,4.38,4335.906
4.205390782778051,0.3330515831270677,26.03525348303549,0.329,4.38,4338.828
4.205260010626824,0.3319569938466684,26.027472222435712,0.329,4.38,4341.734
4.205484073795514,0.3322902073406485,26.021715918227173,0.329,4.38,4344.656
4.205699256479816,0.3310646429112203,26.01588307983515,0.327,4.38,4347.562
4.204566214682445,0.3243718555786691,26.013300396594893,0.318,4.375,4350.5
4.204958727870608,0.3219552691696291,26.01316416685968,0.319,4.375,4353.406
4.204625818105628,0.3225622565090618,26.007844699546677,0.318,4.375,4356.312
4.204730482129214,0.3249885126646033,26.008028800063173,0.319,4.375,4359.234
4.204947634577872,0.3198956960994149,26.004898698108224,0.318,4.375,4362.14
4.205012547130418,0.319687885985028,26.005525869278664,0.318,4.375,4365.062
4.204845314195214,0.3211533669672471,25.996642942381825,0.318,4.375,4367.969
4.204981988326202,0.3215219767718138,25.987156666357084,0.318,4.375,4370.875
4.205064327122008,0.3223090453244429,25.993999639571435,0.318,4.375,4373.797
4.205076604063111,0.3200595170106868,25.982498265103462,0.318,4.375,4376.703
4.205258019522317,0.3183730779905121,25.982805770209104,0.318,4.375,4379.609
4.205044724329242,0.3194600272261582,25.978855951489216,0.318,4.375,4382.547
4.205165680974206,0.3223055824797466,25.97965101584577,0.318,4.375,4385.469
4.2052221657630575,0.3195791625802019,25.97128379493185,0.318,4.375,4388.375
4.205202175680146,0.3233653012956479,25.965426041565117,0.318,4.375,4391.297
4.205569015175982,0.3171462440040087,25.96453003168113,0.318,4.375,4394.203
4.204455547678079,0.3121050037744371,25.968274492860367,0.307,4.369,4397.14
4.204242538773731,0.3105466756416351,25.954289151365582,0.307,4.369,4400.047
4.20460216260009,0.3111861670241443,25.96043673705209,0.307,4.369,4402.969
4.204571463571193,0.3126277221718817,25.961104517412945,0.307,4.369,4405.875
4.204583134534023,0.308234615024908,25.95872393255622,0.307,4.369,4408.797
4.204685034569947,0.3101303689540546,25.953953689794066,0.307,4.369,4411.703
4.204676174977058,0.3074939641159555,25.94470145161544,0.307,4.369,4414.609
4.204626901731833,0.3096829613054265,25.953870581260663,0.307,4.369,4417.531
4.2045978277851095,0.3111267119676641,25.944049555914614,0.307,4.369,4420.437
4.204534276857498,0.3082710819816253,25.94485779629368,0.307,4.369,4423.344
4.204744265760287,0.3073308658927297,25.940936417328032,0.307,4.369,4426.25
4.204802131485068,0.3090909587911908,25.92372719887063,0.307,4.369,4429.203
4.204795814011661,0.3092380213419307,25.9170426222546,0.307,4.369,4432.109
4.204795673203777,0.3060963474662914,25.92533869260376,0.307,4.369,4435.031
4.20510062168142,0.3095851519062009,25.915765197098885,0.307,4.369,4437.937
4.205076471103148,0.3081478496035582,25.92040912302273,0.305,4.369,4440.844
4.204738532028554,0.3093598034587168,25.917894436921355,0.307,4.369,4443.75
4.204953336183351,0.308376939468518,25.907814409861157,0.305,4.369,4446.672
4.205174455672404,0.3121582655137221,25.90382619055493,0.305,4.369,4449.578
4.204916975346872,0.3069660786709865,25.905306476359318,0.305,4.369,4452.5
4.205147515066465,0.3075703330044571,25.894613764148943,0.305,4.369,4455.406
4.205078874381249,0.3082186834559998,25.898214335856064,0.305,4.369,4458.328
4.205357294811279,0.3081339506691736,25.88698468612405,0.305,4.369,4461.234
4.205139108162355,0.3069970026552518,25.88584833169996,0.305,4.369,4464.156
4.20534568650391,0.3081290503205223,25.886746752874068,0.305,4.369,4467.078
4.205578760218643,0.3057201126832787,25.87937375441667,0.305,4.369,4469.984
4.204610210174055,0.3002452959402784,25.875122767707804,0.296,4.364,4472.922
4.2045257840174015,0.2995365675228917,25.876240071942394,0.296,4.364,4475.844
4.2049289907375735,0.2971588482997605,25.8737298300752,0.296,4.364,4478.75
4.204572640711656,0.3005996053624873,25.876317246574377,0.296,4.364,4481.672
4.204765941521985,0.3005226533814976,25.877514930114916,0.296,4.364,4484.578
4.204526735002134,0.2991592290148109,25.869238613984813,0.296,4.364,4487.5
4.204643573005651,0.3012501573656363,25.86578515458278,0.296,4.364,4490.406
4.204759117856243,0.3000359369363321,25.8576449177664,0.296,4.364,4493.312
4.204934582267375,0.2957709147208824,25.8543987707576,0.296,4.364,4496.234
4.2047439420559005,0.2990373209724315,25.8529895477775,0.296,4.364,4499.14
4.204755342855589,0.2994217301497185,25.84927733503021,0.296,4.364,4502.062
4.204761485873132,0.2962575275514217,25.844502441436404,0.295,4.364,4505.0
4.205037680434081,0.2965345439140738,25.844578720246425,0.295,4.364,4507.906
4.205098863317222,0.2959087015097154,25.84012099132728,0.295,4.364,4510.828
4.204994638989625,0.2946366719112833,25.83599124648244,0.295,4.364,4513.734
4.205074445868799,0.2934405502820853,25.83739783087503,0.295,4.364,4516.64
4.205029543637122,0.2993788264349996,25.826519322897013,0.295,4.364,4519.562
4.205077383986061,0.2956275892174791,25.82147382808675,0.295,4.364,4522.469
4.205181369122196,0.2956910763876402,25.817610638499907,0.295,4.364,4525.39
4.205292628635596,0.3006180860067629,25.81699771017244,0.295,4.364,4528.297
4.205091366305433,0.2984011083870623,25.82290286091623,0.295,4.364,4531.219
4.2052564003868,0.2986256379347774,25.81277239268379,0.295,4.364,4534.125
4.2053121397703,0.296227185888381,25.81391059602887,0.295,4.364,4537.031
4.205553761406123,0.2987754506628006,25.81567486004548,0.295,4.364,4539.953
4.204871538796763,0.2867365518775933,25.80787209407028,0.284,4.359,4542.906
4.204571085645211,0.2886732832463036,25.800531325941225,0.285,4.359,4545.812
4.2049543952967285,0.2907684549083093,25.799089243944906,0.284,4.359,4548.812
4.204742795299476,0.28738653498869,25.79117409844079,0.284,4.359,4551.765
4.204648207259355,0.2883394318538892,25.79221130552024,0.284,4.359,4554.687
4.204694911979354,0.284688608575274,25.7812276544677,0.284,4.359,4557.594
4.204632078583487,0.2857519668734319,25.78726288291265,0.284,4.359,4560.5
4.20463728848607,0.286092018026437,25.77499654066345,0.284,4.359,4563.422
4.20492006994337,0.2859376598065313,25.776927143936536,0.284,4.359,4566.328
4.2048913195685085,0.285357661951899,25.77422818147464,0.284,4.359,4569.25
4.205064352117234,0.2860710238560972,25.782511964881472,0.284,4.359,4572.156
4.204987230397144,0.2860211007681931,25.77460106129187,0.284,4.359,4575.062
4.2050177483663465,0.2869344032123585,25.768860003807568,0.284,4.359,4577.969
4.204928706650255,0.2877751261477649,25.77039993794778,0.284,4.359,4580.89
4.20488014349886,0.2884633618893992,25.76616739433124,0.284,4.359,4583.828
4.205110854506425,0.2891606558195638,25.75674770670351,0.284,4.359,4586.734
4.205073965383852,0.2832807343905603,25.761281016465187,0.284,4.359,4589.656
4.205221495137252,0.2874587514686148,25.75633261670539,0.284,4.359,4592.562
4.205187360263256,0.2865254415340151,25.750550512772044,0.284,4.359,4595.469
4.205331245036786,0.2860551365385027,25.745812632593427,0.284,4.359,4598.39
4.205250778391439,0.2865126009766136,25.73959468436668,0.284,4.359,4601.297
4.205290585680737,0.2832688173385128,25.74653998699418,0.282,4.359,4604.203
4.20592760826348,0.2884068523779314,25.73842933609483,0.284,4.359,4607.125
4.20540785347695,0.2875135090575328,25.74285320220335,0.282,4.359,4610.031
4.205398542298299,0.2881883633165343,25.73869523907588,0.282,4.359,4612.953
4.20552913121099,0.286136256101152,25.738291961854525,0.282,4.359,4615.859
4.2055835894691,0.2873310074106966,25.743581984916137,0.282,4.359,4618.781
4.205612221178014,0.2856249110088857,25.74012843332945,0.282,4.359,4621.703
4.205790378132854,0.2836084169895831,25.738196639970703,0.282,4.359,4624.609
4.2059643847906605,0.2875611349736124,25.737691179069277,0.282,4.359,4627.515
4.205640929616161,0.2827797315673243,25.73518865769416,0.282,4.359,4630.422
4.205937946703104,0.2862582805960302,25.73169008412406,0.282,4.359,4633.344
4.205956764694523,0.2857891413427768,25.72829852237896,0.282,4.359,4636.25
4.205880082025893,0.28349199908942,25.71818066184136,0.282,4.359,4639.156
4.205977076152601,0.2852663822276882,25.708853575372093,0.281,4.359,4642.078
4.2060014207733385,0.2867267709303616,25.70490231150421,0.282,4.359,4644.984
4.206137015258481,0.2873569266093137,25.710244898121587,0.281,4.359,4647.906
4.206267534736942,0.2840287116975089,25.70272953519178,0.281,4.359,4650.828
4.206222830047446,0.2835416730488168,25.696073432267987,0.281,4.359,4653.734
4.206249727425857,0.2819284616501863,25.696838292766422,0.281,4.359,4656.64
4.206344527533213,0.2855753315363149,25.691263897876496,0.281,4.359,4659.547
4.206215795390921,0.2805703616353934,25.691570344385923,0.281,4.359,4662.469
4.206413696681376,0.2839710813786554,25.692253670217596,0.281,4.359,4665.375
4.206446523450974,0.2826958872549452,25.6817866536742,0.281,4.359,4668.281
4.20648050235293,0.2827588880246311,25.68208626790721,0.281,4.359,4671.203
4.20651047192923,0.2821670081667464,25.67886205076115,0.281,4.359,4674.109
4.206630239127238,0.2835659215193413,25.67522805910163,0.28,4.359,4677.015
4.205976684344315,0.2741008917435766,25.664638259488427,0.27,4.353,4679.953
4.204773850713901,0.2614441289972327,25.660408850827363,0.261,4.348,4682.89
4.204923644737127,0.2618020986195193,25.659752556652894,0.261,4.348,4685.812
4.205190208372088,0.2654540697364653,25.656600225699453,0.261,4.348,4688.719
4.204851636768619,0.2650530214122968,25.654257090075195,0.261,4.348,4691.64
4.204896184560837,0.2648946848149919,25.6468630417051,0.261,4.348,4694.547
4.205105220907326,0.2619871259667397,25.641685981432293,0.261,4.348,4697.469
4.205195639698064,0.2639608283471572,25.64865158055451,0.261,4.348,4700.375
4.204988748046833,0.2639477709341615,25.647725993587382,0.261,4.348,4703.297
4.2050573803064815,0.2662147478205501,25.639038358321077,0.261,4.348,4706.203
4.204919951179241,0.2620449478960776,25.639325882442066,0.261,4.348,4709.125
4.20502939663406,0.2666851019945507,25.63521028713271,0.261,4.348,4712.031
4.205306614408692,0.2639236624761854,25.63470191019561,0.261,4.348,4714.969
4.205383794625088,0.2633602131899611,25.63246866354156,0.261,4.348,4717.875
4.204980950546963,0.2635628553693306,25.63056414395867,0.261,4.348,4720.797
4.205349859881796,0.2655839814758161,25.63350997313242,0.261,4.348,4723.703
4.205371776074647,0.2604827654835748,25.62732290083945,0.261,4.348,4726.609
4.205286723010447,0.2645150655442106,25.619667604998803,0.261,4.348,4729.515
4.205037495027986,0.2648422515119601,25.61859539589669,0.261,4.348,4732.422
4.205303731169988,0.2621226720861523,25.619483740546837,0.261,4.348,4735.344
4.205298185585786,0.2624370251990161,25.616703688428935,0.261,4.348,4738.25
4.2050394869817405,0.2625736582755473,25.619024964522257,0.261,4.348,4741.156
4.205275778619193,0.2608613730119989,25.610819707159845,0.261,4.348,4744.078
4.205220315359634,0.2644580143983103,25.602666112295648,0.261,4.348,4746.984
4.205366519068033,0.2613830160603746,25.5973974224664,0.261,4.348,4749.906
4.205367960460244,0.2629681868974075,25.601752948061375,0.259,4.348,4752.812
4.205615783003366,0.26346274800435,25.59798113117148,0.261,4.348,4755.734
4.205242641113446,0.2626454388667006,25.5894053352399,0.259,4.348,4758.64
4.205789024043328,0.2659276322605409,25.58800007112705,0.259,4.348,4761.547
4.205475044139864,0.2627725955110621,25.5908038452854,0.259,4.348,4764.453
4.205823014447028,0.2612510376278029,25.58995054209024,0.259,4.348,4767.359
4.205770599911419,0.2598500975100137,25.577447501721,0.259,4.348,4770.281
4.205658702902377,0.2613857011296353,25.578590021650555,0.259,4.348,4773.187
4.205894277038428,0.2614505655140713,25.580178665209942,0.259,4.348,4776.094
4.205750225508987,0.2607114043332572,25.572553046387203,0.259,4.348,4779.015
4.206102975539998,0.2611575668046987,25.57015300013776,0.259,4.348,4781.937
4.206012323730825,0.261198214142084,25.566703249373436,0.259,4.348,4784.844
4.205962230375438,0.2616198728808503,25.564538140485357,0.259,4.348,4787.765
4.2060789728734775,0.2605865041706395,25.56729845749741,0.259,4.348,4790.672
4.205844518521727,0.2595834317414653,25.56419413526196,0.259,4.348,4793.578
4.205744886409365,0.2612595094669742,25.56229803784432,0.259,4.348,4796.484
4.206517758660871,0.2611358451779182,25.56217994966413,0.259,4.348,4799.39
4.206228903561781,0.2615008444854129,25.557624297752543,0.258,4.348,4802.312
4.206013245041815,0.2649402017359243,25.55913249367247,0.258,4.348,4805.219
4.206312331229571,0.2612743535653347,25.55012064235968,0.258,4.348,4808.14
4.205915541812832,0.2606811551943072,25.5496028047104,0.258,4.348,4811.047
4.206277141022994,0.2568677531797296,25.547976414618592,0.258,4.348,4813.969
4.206342318389343,0.2601509798403172,25.54097794997683,0.258,4.348,4816.875
4.206350695095591,0.2597848113202043,25.538316197049618,0.258,4.348,4819.781
4.206531907719686,0.258913745996725,25.53364712478625,0.258,4.348,4822.687
4.206562126618038,0.2574605959234067,25.53549910926212,0.258,4.348,4825.609
4.206153524451514,0.2480090521955783,25.53588143767128,0.248,4.342,4828.531
4.204922716908548,0.2412615360177989,25.530519942877987,0.239,4.337,4831.469
4.204639394906291,0.2423889838381344,25.531445904972788,0.239,4.337,4834.375
4.204685711512697,0.2404383918118982,25.53263384476921,0.239,4.337,4837.281
4.204722730381474,0.2440020394398515,25.52875893495493,0.239,4.337,4840.203
4.20470165640049,0.2387499867925458,25.53117591922049,0.239,4.337,4843.109
4.205081996435029,0.24198163712433,25.521280464437154,0.239,4.337,4846.015
4.204850068193841,0.2409905346408536,25.51974387981479,0.239,4.337,4848.922
4.205176059241616,0.2426838060701298,25.52158532795888,0.239,4.337,4851.828
4.204956452972336,0.2421175720190148,25.518974467935497,0.239,4.337,4854.75
4.204967972667491,0.244210869438028,25.51399375260237,0.239,4.337,4857.656
4.205119403714855,0.2423575483687923,25.51364016258181,0.239,4.337,4860.562
4.205002804393961,0.2443524023782663,25.51257264174264,0.239,4.337,4863.5
4.204992394841232,0.2431620564794445,25.508030017063845,0.239,4.337,4866.406
4.204934394602022,0.2419873501440889,25.50152414697301,0.239,4.337,4869.312
4.205018569841685,0.2397788917651006,25.50393506536881,0.239,4.337,4872.234
4.205031147582309,0.2424207289256153,25.4950294396401,0.239,4.337,4875.14
4.205096847841949,0.2414079128090361,25.49177422572505,0.239,4.337,4878.047
4.205129908607486,0.2449409218720336,25.49076128723967,0.239,4.337,4880.953
4.204995945071235,0.2394781890783721,25.486887225026003,0.239,4.337,4883.859
4.204999427673683,0.2399934437692806,25.483432125617423,0.239,4.337,4886.781
4.205117738650049,0.2393014885308136,25.476008304366243,0.239,4.337,4889.687
4.20514885391083,0.2411465854358888,25.470340918690123,0.239,4.337,4892.594
4.205307584315857,0.2419801340362866,25.470056513484707,0.239,4.337,4895.5
4.205334687485753,0.2412319081262266,25.46878327167467,0.237,4.337,4898.422
4.205273221618264,0.2422491133736568,25.46322689411108,0.237,4.337,4901.328
4.2051889429372284,0.2418611665255561,25.467099980314163,0.237,4.337,4904.234
4.205113937244446,0.2362863771752378,25.4600145758497,0.237,4.337,4907.156
4.205208845655437,0.2375334089445684,25.464838120082817,0.237,4.337,4910.062
4.205177702560416,0.2406655319967274,25.45492289650511,0.237,4.337,4912.969
4.2053100346871215,0.2390700974350818,25.449024494450743,0.237,4.337,4915.875
4.205083471807203,0.2360931603252208,25.459365613894278,0.237,4.337,4918.781
4.205342577769854,0.237963333165042,25.45334806488561,0.237,4.337,4921.703
4.205529651194714,0.2413635696421903,25.455341473104543,0.237,4.337,4924.609
4.2057321188892125,0.2383784879603651,25.44735623303436,0.237,4.337,4927.515
4.205731687072229,0.2377887423962249,25.44789284305862,0.237,4.337,4930.437
4.2055286501742914,0.2420745803415542,25.45443880352332,0.237,4.337,4933.344
4.20561973474268,0.2399751551747841,25.449287178749227,0.237,4.337,4936.25
4.205559893295344,0.2395250328567863,25.42934482416721,0.237,4.337,4939.156
4.205681537174309,0.2375932179954655,25.43105135917857,0.237,4.337,4942.062
4.205848997047984,0.2376224661924589,25.42786208018317,0.237,4.337,4944.984
4.205901058470391,0.238497686977023,25.43618119141343,0.237,4.337,4947.89
4.205764260013915,0.2403468810528762,25.429265055106093,0.237,4.337,4950.797
4.206044654390806,0.2403864339606989,25.424045093293504,0.236,4.337,4953.703
4.205941277407035,0.2370315744727687,25.429185027198887,0.236,4.337,4956.609
4.20593422726486,0.2418563436124248,25.43178238309497,0.236,4.337,4959.531
4.206074827778026,0.2387104064626681,25.42227171931376,0.236,4.337,4962.437
4.206034401607814,0.2382074227122709,25.425292418176603,0.236,4.337,4965.344
4.2061763213049925,0.2398922591095621,25.417136588007413,0.236,4.337,4968.265
4.206192499396908,0.2424040336644582,25.413796331996483,0.236,4.337,4971.172
4.206258995013734,0.2402713284740351,25.412802494352093,0.236,4.337,4974.078
4.206100979400862,0.2366557620565456,25.40700652110933,0.236,4.337,4976.984
4.206448044198481,0.241186478549787,25.410272467129435,0.236,4.337,4979.906
4.206326249030907,0.2378166783043229,25.40425001335269,0.236,4.337,4982.812
4.206549262163362,0.2402252889591979,25.40485065018833,0.236,4.337,4985.719
4.206224026336657,0.2354023279387918,25.40529169944119,0.236,4.337,4988.625
4.206486859019907,0.2402008698016088,25.40467064180136,0.235,4.337,4991.547
4.206602629228536,0.2366231672566235,25.392133905032622,0.236,4.337,4994.453
4.205685359228249,0.2259758287949925,25.393443936651025,0.227,4.332,4997.39
4.205889036865687,0.2272724682412741,25.392845372635392,0.227,4.332,5000.312
4.205822707330564,0.2290111426463939,25.392757037608654,0.227,4.332,5003.219
4.205675940495421,0.2294049215850198,25.39117163547044,0.225,4.332,5006.125
4.20539237072227,0.2290755069171779,25.3838781571636,0.227,4.332,5009.031
4.205654581493767,0.2282729386468623,25.39256320781275,0.225,4.332,5011.953
4.205965450747064,0.2280156332808759,25.37976024514961,0.225,4.332,5014.859
4.205760120980535,0.2272324875894612,25.38305423657212,0.225,4.332,5017.765
4.2059050924799,0.227559461149555,25.36666922180423,0.225,4.332,5020.672
4.205754415748216,0.2290659944634546,25.37477740545991,0.225,4.332,5023.578
4.205794171212205,0.2300862801882513,25.37001981500055,0.225,4.332,5026.484
4.2059055681921,0.2290340317432707,25.369469262731148,0.225,4.332,5029.422
4.205766532157759,0.2283643194107019,25.368979274037137,0.225,4.332,5032.344
4.2060665213751385,0.2264392528840007,25.36956579955223,0.225,4.332,5035.25
4.205916170537221,0.2287450939839757,25.366628225286817,0.225,4.332,5038.156
4.206053146769763,0.2294519472851814,25.3630852072255,0.225,4.332,5041.062
4.205953998304662,0.2275702846894698,25.36112627267304,0.225,4.332,5043.969
4.206288119923001,0.2229402273559571,25.35867637046373,0.225,4.332,5046.875
4.206204956326962,0.2280273935601544,25.357075203730588,0.225,4.332,5049.797
4.206326056059179,0.2248452786400536,25.357165199576617,0.225,4.332,5052.703
4.206274863840783,0.2261083299724104,25.35693414002378,0.225,4.332,5055.609
4.206198673459055,0.227328169084129,25.355935188979032,0.225,4.332,5058.578
4.206310682905119,0.2263825845407979,25.35355343137153,0.225,4.332,5061.484
4.206263020222998,0.2264743011068585,25.34806201496939,0.225,4.332,5064.39
4.206196030243207,0.2299950592890345,25.343061130891968,0.225,4.332,5067.359
4.206163925594556,0.2244868189144275,25.338942966079767,0.224,4.332,5070.375
4.206164444446432,0.2231361836901235,25.34003833569952,0.225,4.332,5073.297
4.206602960286213,0.2285253990362933,25.329792347766208,0.224,4.332,5076.203
4.205580028955174,0.2149742504910319,25.33399240985932,0.214,4.326,5079.14
4.204763891647505,0.2066840480630733,25.330732270953924,0.205,4.321,5082.062
4.20466187124973,0.2081372715393121,25.32870541680697,0.205,4.321,5084.984
4.204640171963809,0.2041412918169027,25.333295084586283,0.205,4.321,5087.89
4.2047027739379335,0.2072945752033312,25.32729002846449,0.205,4.321,5090.797
4.204495736195577,0.2047785720948762,25.32523101387933,0.205,4.321,5093.703
4.204610868090918,0.2079152810452929,25.32864467320259,0.205,4.321,5096.609
4.204763893440212,0.2085241690996909,25.31960475532587,0.205,4.321,5099.531
4.204704453960187,0.2049747173418611,25.3227982726876,0.205,4.321,5102.437
4.204810350664107,0.2078867760584497,25.31864549336138,0.205,4.321,5105.344
4.204665480068277,0.2059563149727092,25.321152076974315,0.205,4.321,5108.25
4.204615838453327,0.2072556402924416,25.317118994212866,0.205,4.321,5111.172
4.204541881407146,0.2085835371993945,25.318433616899984,0.205,4.321,5114.109
4.20470643305572,0.2086003071275442,25.31633589406072,0.205,4.321,5117.015
4.204559888496278,0.2105135135442367,25.314512922878173,0.205,4.321,5119.922
4.204507787730917,0.2056914387909107,25.304048533383742,0.205,4.321,5122.828
4.204892418682431,0.2090010630655193,25.307858714090248,0.205,4.321,5125.734
4.2047470983297375,0.2078250669279675,25.30738889628725,0.205,4.321,5128.656
4.204649927947859,0.2052237804879624,25.30503810354772,0.205,4.321,5131.562
4.204704834792523,0.2054374132174039,25.302916719130653,0.205,4.321,5134.469
4.204892824159687,0.2096574216557113,25.30269818278993,0.205,4.321,5137.375
4.20472456036114,0.2060651678298627,25.302408428586048,0.205,4.321,5140.297
4.204730506975982,0.2055863084238127,25.29262270941769,0.205,4.321,5143.203
4.204954236930806,0.2054676130781423,25.295227449770888,0.205,4.321,5146.109
4.204866896320638,0.2048512640996841,25.291404259322483,0.205,4.321,5149.031
4.204736327200455,0.2064317986511258,25.29022910880195,0.205,4.321,5151.937
4.204982400447654,0.2076818403936552,25.28433212623051,0.205,4.321,5154.844
4.204788293662483,0.2053384809088709,25.28370171920896,0.205,4.321,5157.765
4.20489761432862,0.2067610991062644,25.283710465818498,0.205,4.321,5160.672
4.20476045472998,0.2054285137805156,25.27816353259897,0.205,4.321,5163.578
4.204820714021973,0.2042549677912599,25.282269627707485,0.205,4.321,5166.484
4.204952157359847,0.2082760307175748,25.27782808864874,0.205,4.321,5169.39
4.205107232857975,0.2073713218938629,25.27617820790419,0.205,4.321,5172.297
4.205039233217591,0.2070406518915637,25.275734928551305,0.205,4.321,5175.219
4.205079072428718,0.2063088955562176,25.26731670987452,0.204,4.321,5178.156
4.205172865589664,0.2080529048132583,25.268665188741384,0.204,4.321,5181.078
4.205069887531423,0.2075510002754683,25.263358649704795,0.205,4.321,5184.062
4.205213581317022,0.2066332438651242,25.259875478483192,0.205,4.321,5187.031
4.205292499171185,0.2086566849349357,25.2733904815182,0.204,4.321,5189.937
4.205168199476925,0.2061048162333445,25.2690419134624,0.205,4.321,5192.844
4.205295809764528,0.2055401369890041,25.26369466856032,0.204,4.321,5195.797
4.205153858731109,0.2063296544699364,25.265300820451515,0.204,4.321,5198.703
4.205081270179423,0.2062142693845455,25.262537959201996,0.204,4.321,5201.609
4.205509878893294,0.2103877170631411,25.25708187045898,0.204,4.321,5204.515
4.205475457304775,0.2055668145595873,25.262850971975823,0.204,4.321,5207.422
4.20524233299304,0.2051985199588898,25.25256859008353,0.204,4.321,5210.328
4.205410666345746,0.2075165792695585,25.25086294675722,0.204,4.321,5213.234
4.205302870864754,0.2070423959380345,25.250939351267576,0.204,4.321,5216.156
4.205607420525827,0.2029695501453596,25.24589697601449,0.204,4.321,5219.062
4.205280800810009,0.2054712236425451,25.24601330662204,0.204,4.321,5221.969
4.205275858152565,0.2027261902066705,25.240989341431547,0.204,4.321,5224.875
4.20553185861393,0.2060105308203358,25.238524014765943,0.204,4.321,5227.812
4.205480529547095,0.2045376661992047,25.237666227089065,0.204,4.321,5230.719
4.205828112604686,0.2049196445959452,25.236711436377323,0.204,4.321,5233.625
4.2055199835850905,0.2063610241950954,25.22975152717537,0.204,4.321,5236.531
4.205797890676532,0.2041860602921101,25.232446780027104,0.204,4.321,5239.437
4.205780744272425,0.2051908495098531,25.23563029583386,0.204,4.321,5242.344
4.205855863012265,0.20686890026524,25.231526635681224,0.202,4.321,5245.25
4.205849318299367,0.2064309852914644,25.216647069591488,0.202,4.321,5248.156
4.205883680859327,0.2046352310652964,25.22594300164216,0.202,4.321,5251.062
4.205765161191637,0.2023337784311917,25.221940740340987,0.202,4.321,5253.969
4.205932593816793,0.205050903378419,25.22556400476393,0.202,4.321,5256.875
4.206036524724516,0.2041089132688034,25.22297232316013,0.202,4.321,5259.781
4.205989791372214,0.2028478514441404,25.215688299686168,0.202,4.321,5262.703
4.206029773288562,0.2042652331156397,25.22103442532005,0.202,4.321,5265.609
4.206125734306059,0.2057589062007757,25.218038170709985,0.202,4.321,5268.515
4.20606272063177,0.203594100127623,25.209916312122655,0.202,4.321,5271.422
4.206134362183692,0.2039389781367833,25.208561307626525,0.202,4.321,5274.328
4.205801996022612,0.2017546592608671,25.216719016796308,0.202,4.321,5277.234
4.206103535259296,0.2022834004965498,25.211111614243823,0.202,4.321,5280.14
4.206251447962402,0.2035418907246179,25.20869676325597,0.202,4.321,5283.047
4.206397462867967,0.2013636739069385,25.203437029126096,0.202,4.321,5285.953
4.206299778371835,0.2038947337096021,25.203235910121265,0.202,4.321,5288.859
4.206250902442387,0.2055249938749161,25.19327659288366,0.202,4.321,5291.75
4.206576925361358,0.2054796262633901,25.195848713235733,0.202,4.321,5294.672
4.205533107494448,0.1927161632514897,25.19833529373705,0.193,4.315,5297.609
4.205653338709702,0.19368515622587,25.198599235710752,0.193,4.315,5300.515
4.204679394095261,0.1865273447663728,25.198470840007747,0.183,4.31,5303.453
4.204762582578681,0.1851746983011342,25.197460308735668,0.183,4.31,5306.359
4.204750235937979,0.1859531893156473,25.199576466679463,0.183,4.31,5309.265
4.204682186779834,0.1876493290921547,25.191080291788914,0.183,4.31,5312.172
4.204564994538842,0.1851940669568789,25.19274357816328,0.183,4.31,5315.078
4.204605752904622,0.1862395610396898,25.19197927433576,0.183,4.31,5318.0
4.204592656659304,0.185260346498301,25.185650098885738,0.183,4.31,5320.906
4.204640019995772,0.184987426297395,25.185645564729253,0.183,4.31,5323.812
4.204771212927289,0.1859146007983494,25.18028520694019,0.183,4.31,5326.719
4.204637673025197,0.1872965613092122,25.172407745183836,0.183,4.31,5329.625
4.204342370748698,0.1884236844456462,25.17437453827761,0.183,4.31,5332.531
4.2046380855875904,0.1858039100367842,25.172792256607632,0.183,4.31,5335.469
4.204680196091514,0.185383279362429,25.17425917341325,0.183,4.31,5338.375
4.204611063387182,0.1836278702293981,25.17118759178769,0.183,4.31,5341.281
4.2045310926656185,0.1840033161114337,25.16804838957577,0.183,4.31,5344.187
4.204692223034534,0.1835296324503325,25.171607769905105,0.183,4.31,5347.094
4.204570819349715,0.1848092901652079,25.17535648788297,0.183,4.31,5350.0
4.20477153798839,0.1849544486302946,25.173286128653032,0.183,4.31,5352.922
4.204814124929698,0.1840583860341837,25.160936825527813,0.183,4.31,5355.828
4.204920248660134,0.1882534407459577,25.158464950647947,0.183,4.31,5358.734
4.204769184262189,0.1845060945008796,25.15684296940952,0.183,4.31,5361.64
4.204715929457892,0.1835049437811225,25.162274971401253,0.183,4.31,5364.547
4.204699302999507,0.1845820729616649,25.152725210074763,0.183,4.31,5367.453
4.204705409399925,0.1845800937710404,25.16316302968101,0.183,4.31,5370.375
4.20482526605286,0.1831665405790569,25.16095391697003,0.183,4.31,5373.281
4.204668664162309,0.1858205618860682,25.14661915578857,0.183,4.31,5376.187
4.204889996983734,0.1858542805934163,25.14906600027428,0.182,4.31,5379.094
4.204806710633815,0.1858418019933393,25.150408046852625,0.182,4.31,5382.0
4.204851849628309,0.1823788240466264,25.145902998607376,0.183,4.31,5384.922
4.205004150610431,0.1815059926395465,25.136877180134533,0.182,4.31,5387.828
4.2049643661933285,0.182390335154057,25.13681866925499,0.182,4.31,5390.734
4.205029380256748,0.185243713689634,25.141325652500687,0.182,4.31,5393.64
4.204840214450206,0.1838047386307788,25.14274434539493,0.182,4.31,5396.547
4.205000328656568,0.1797062039295644,25.14021767234241,0.182,4.31,5399.453
4.204948503838759,0.1847630159357746,25.13636935323029,0.182,4.31,5402.375
4.2052700596722765,0.1836639518533679,25.135067365674807,0.182,4.31,5405.297
4.205190603453344,0.1845761483614648,25.127192823801117,0.182,4.31,5408.203
4.205248794138189,0.1847385424702166,25.12792956033447,0.182,4.31,5411.109
4.20527394554537,0.1853949033457699,25.126022785985764,0.182,4.31,5414.015
4.205292442406307,0.1845508730921652,25.12228903427621,0.182,4.31,5416.922
4.205336724449804,0.1837453040941705,25.124137015677384,0.182,4.31,5419.844
4.205268922804495,0.1840559686771615,25.12076709301942,0.182,4.31,5422.75
4.205389089688087,0.1849470407117343,25.126757142139574,0.182,4.31,5425.656
4.205413349479469,0.1819283474132307,25.124936032972705,0.182,4.31,5428.562
4.20537753492566,0.1820799785835168,25.12508099674476,0.182,4.31,5431.469
4.205474702979804,0.1836636140761812,25.12895869846279,0.182,4.31,5434.39
4.20539963789014,0.1847287287570093,25.116432589876517,0.182,4.31,5437.297
4.205321872099578,0.1825052484521055,25.11372991421185,0.182,4.31,5440.203
4.20544038492036,0.1829802638478087,25.1104150077985,0.182,4.31,5443.109
4.205539660492924,0.1815246465385034,25.099267929809518,0.182,4.31,5446.015
4.20545366697896,0.1835772069216434,25.099537652668516,0.18,4.31,5448.937
4.205548389938026,0.1857699178812511,25.100400529540675,0.182,4.31,5451.844
4.205664924611909,0.183580237864069,25.10890655506713,0.18,4.31,5454.75
4.205565862627888,0.1847368693719275,25.10536473485367,0.18,4.31,5457.656
4.205600850922233,0.1859414460513302,25.101297881292616,0.18,4.31,5460.562
4.205580881831244,0.1835052420812934,25.100521148188,0.18,4.31,5463.484
4.205670278974655,0.1850280347543232,25.10088622514752,0.18,4.31,5466.39
4.206065496572368,0.1817467479603699,25.097662132679293,0.18,4.31,5469.297
4.205702109458599,0.1803772758566816,25.09300090424889,0.18,4.31,5472.219
4.205875049579514,0.1821621308589259,25.097233103526925,0.18,4.31,5475.125
4.205659068399112,0.1807106974260457,25.09839785818164,0.18,4.31,5478.031
4.205879337936658,0.1778314922280954,25.097191078648947,0.18,4.31,5480.937
4.205524417809562,0.180030662382219,25.087934772309115,0.18,4.31,5483.844
4.205908928296633,0.1837218021307252,25.090665478095943,0.18,4.31,5486.765
4.205936852462689,0.1822590069288133,25.09195812419127,0.18,4.31,5489.672
4.20560975575428,0.1816708788298836,25.091108623427942,0.18,4.31,5492.578
4.205804959039702,0.1853667367075489,25.079965846937096,0.18,4.31,5495.484
4.205982956227252,0.1825677313939195,25.08105925995525,0.18,4.31,5498.406
4.205798672584056,0.1786924539948948,25.081809940342453,0.18,4.31,5501.312
4.205881817365068,0.1806059652253888,25.08183076951928,0.18,4.31,5504.219
4.205971236422787,0.183293927286592,25.08135936794509,0.18,4.31,5507.125
4.205860425203653,0.1834778147321899,25.07853463343635,0.18,4.31,5510.031
4.206177554523626,0.1811676337928977,25.07827461982388,0.18,4.31,5512.937
4.206201339514669,0.1832930392877615,25.06953693718898,0.179,4.31,5515.859
4.206218807395627,0.1828640851479393,25.074683046773508,0.179,4.31,5518.765
4.206514533476176,0.1816855857859979,25.07286233739428,0.179,4.31,5521.672
4.20625286359939,0.1778133172395363,25.07059755442075,0.179,4.31,5524.578
4.206080902196198,0.1830162814787493,25.068028109261437,0.179,4.31,5527.484
4.206392211691135,0.1806316437401442,25.064843133677087,0.179,4.31,5530.406
4.20630044825777,0.1809460989818877,25.064236692390853,0.179,4.31,5533.312
4.206405411578098,0.1813296353620144,25.06079649515431,0.179,4.31,5536.219
4.2065010899066015,0.1822483779723439,25.05134587033227,0.179,4.31,5539.14
4.20647006861492,0.1790519255500227,25.06202306390535,0.179,4.31,5542.047
4.206655344765394,0.1789328573775772,25.05776715198217,0.179,4.31,5544.953
4.205804664618345,0.17060960527351,25.05256026482599,0.17,4.305,5547.89
4.205616324761855,0.172095599705935,25.061168483345966,0.17,4.305,5550.797
4.205780480951296,0.1698514869825671,25.05902523006558,0.17,4.305,5553.703
4.205774335627447,0.1700991414839396,25.046168875989213,0.17,4.305,5556.609
4.205793819613436,0.1735651037490168,25.041963709692883,0.17,4.305,5559.531
4.205633514478886,0.1720804417487712,25.048531527563988,0.17,4.305,5562.437
4.205538123869286,0.1733848741279504,25.041766395726828,0.17,4.305,5565.344
4.205581265153784,0.1730890770435617,25.04441593416402,0.17,4.305,5568.25
4.205691228590921,0.1696455222554768,25.050589679876676,0.17,4.305,5571.156
4.205899238477219,0.1693805916505119,25.04787685017632,0.17,4.305,5574.078
4.205614055480542,0.1709228166333024,25.05318550596745,0.17,4.305,5576.984
4.205476490039819,0.1739289749659723,25.045688521051265,0.17,4.305,5579.922
4.205886272703692,0.1715335313342297,25.042781595405344,0.17,4.305,5582.828
4.205954928620482,0.1680057910082047,25.048959949317094,0.17,4.305,5585.734
4.205552140804127,0.1715191779060379,25.04712863386172,0.17,4.305,5588.64
4.205999360081639,0.1730902605010478,25.0448665377306,0.17,4.305,5591.562
4.205823227449721,0.1715624469857047,25.038636877272246,0.17,4.305,5594.469
4.2059195472016855,0.1709586947645417,25.03486369198906,0.17,4.305,5597.375
4.205918046484727,0.1679639515954529,25.037490170372195,0.17,4.305,5600.281
4.206075363139734,0.1732154143297926,25.031285013835586,0.168,4.305,5603.187
4.205840110581728,0.1699792501690268,25.02879068990595,0.168,4.305,5606.109
4.2057360267631285,0.1713573435098349,25.029703000675468,0.17,4.305,5609.015
4.206139055930506,0.172162590743938,25.02987213100342,0.168,4.305,5611.922
4.206154643239061,0.1698915111292057,25.02480472772678,0.168,4.305,5614.844
4.205928190763603,0.1721242918940703,25.029212674543004,0.168,4.305,5617.75
4.205782463004357,0.1698380243624684,25.022126617819893,0.168,4.305,5620.656
4.2061587420813495,0.1725187451673712,25.020338625195727,0.168,4.305,5623.562
4.206163191071624,0.1741779146654981,25.020939281204328,0.168,4.305,5626.469
4.20606603865842,0.1706641501263491,25.02072766939789,0.168,4.305,5629.39
4.2060651504672055,0.1702137025790488,25.02285073925925,0.168,4.305,5632.297
4.206355867294179,0.1682168681809741,25.01119912610555,0.168,4.305,5635.203
4.206158511710331,0.168130502881982,25.01351764066916,0.168,4.305,5638.109
4.20609195773948,0.1710328758771339,25.0083661807736,0.168,4.305,5641.031
4.206378256671217,0.1697777084683361,25.00416355250321,0.168,4.305,5643.937
4.206148622776156,0.1682438670113663,24.997788447373885,0.168,4.305,5646.844
4.206244408867448,0.1701128427208467,25.00061676263683,0.168,4.305,5649.765
4.206522904765471,0.1740523372370856,25.004175263389747,0.168,4.305,5652.672
4.20645637963908,0.168977842178469,24.997296585327017,0.168,4.305,5655.578
4.206346592656378,0.1697109061640775,25.00344972691494,0.168,4.305,5658.484
4.206253833934419,0.1711676546807416,25.000227579737743,0.168,4.305,5661.39
4.2066519861676746,0.1694994583711051,24.99499112953503,0.168,4.305,5664.312
4.205485205012707,0.1612794934078423,24.996405753377047,0.159,4.299,5667.25
4.205624128047023,0.160331831913704,24.98881388900808,0.159,4.299,5670.156
4.205594400782589,0.1581617039569816,24.99890318768181,0.159,4.299,5673.062
4.205744702513893,0.1602158921005992,24.98686760255629,0.159,4.299,5675.969
4.2055868711952975,0.1592031016927803,24.98841446809029,0.159,4.299,5678.89
4.205665543113163,0.1618013449047339,24.989536839697276,0.159,4.299,5681.797
4.2056457503008575,0.1630673491905218,24.987191118869102,0.159,4.299,5684.703
4.205686627963335,0.1598633436652193,24.98679388364784,0.159,4.299,5687.609
4.205950780573366,0.159800967892896,24.985119510918697,0.159,4.299,5690.515
4.205575400836398,0.1594121969201429,24.985917723235232,0.159,4.299,5693.422
4.205756084548403,0.1599693004139377,24.98823698089604,0.159,4.299,5696.344
4.205703366881728,0.1606203429052311,24.98390690084904,0.159,4.299,5699.281
4.205881401110265,0.159769670493617,24.986305433583144,0.159,4.299,5702.187
4.205822869921575,0.1605691911660209,24.98223360475293,0.159,4.299,5705.094
4.205821899589849,0.1581379508848951,24.972507564650524,0.159,4.299,5708.0
4.205767137052498,0.1603547433631538,24.97068949328889,0.159,4.299,5710.922
4.205520441153555,0.1596105942300981,24.977104815359784,0.159,4.299,5713.828
4.206074524955235,0.1596242182382516,24.97073729322796,0.159,4.299,5716.734
4.205881950006864,0.1592570602361243,24.96840520778361,0.157,4.299,5719.64
4.205613264917035,0.1594064633941722,24.97009419370379,0.157,4.299,5722.547
4.205915723742504,0.1597377337275317,24.97300060951384,0.157,4.299,5725.453
4.205863308577215,0.1578813741918422,24.964497570396887,0.157,4.299,5728.359
4.205954410987843,0.1598718197900406,24.95957188663224,0.157,4.299,5731.265
4.205795065880717,0.159740385463357,24.960978993437703,0.157,4.299,5734.187
4.205779375474752,0.1591284130800893,24.96019082154268,0.157,4.299,5737.094
4.2063464167603,0.1618776816647055,24.968914658793093,0.157,4.299,5740.0
4.205838267390184,0.1572946114653308,24.964778226546784,0.157,4.299,5742.906
4.206094092582009,0.1592620694353339,24.957254819388663,0.157,4.299,5745.828
4.206175783191943,0.159932492127313,24.956342218977024,0.157,4.299,5748.734
4.206073238908868,0.1605926924313816,24.95190974705314,0.157,4.299,5751.64
4.205864285404595,0.1604120199380469,24.949695812581812,0.157,4.299,5754.547
4.205896620124031,0.1578980747626401,24.95358033419266,0.157,4.299,5757.453
4.20616129126374,0.1572944157413697,24.956079717825624,0.157,4.299,5760.359
4.2059092365704185,0.1574270022138519,24.95506640297456,0.157,4.299,5763.265
4.20619912049868,0.1579647531733092,24.93933859825633,0.157,4.299,5766.187
4.206451768343217,0.1573457225758321,24.94535198654121,0.157,4.299,5769.094
4.206190763893392,0.1587337927915428,24.941314356717115,0.157,4.299,5772.0
4.206384171465457,0.1593547304805526,24.941026740513173,0.157,4.299,5774.906
4.206503726616181,0.1579808517023879,24.94526147169492,0.157,4.299,5777.812
4.206377702963324,0.1598724118875948,24.937493900661178,0.157,4.299,5780.719
4.206337636210502,0.1605546193270476,24.95035151718385,0.157,4.299,5783.625
4.206347822853199,0.1581134531358754,24.93761772758612,0.157,4.299,5786.547
4.206387240836901,0.1588689284200224,24.93573357923887,0.156,4.299,5789.453
4.20674423504942,0.1578918512916843,24.937782040882727,0.156,4.299,5792.359
4.205696050713561,0.150687980978848,24.932658706856397,0.148,4.294,5795.297
4.205702089583498,0.1504205668387184,24.93761240231478,0.148,4.294,5798.203
4.205446821358575,0.147791088325896,24.93798459938555,0.148,4.294,5801.109
4.205365303827571,0.1511422210724111,24.93258803455159,0.148,4.294,5804.015
4.205576469991215,0.1493681390172965,24.92901339284744,0.148,4.294,5806.937
4.205516904496048,0.149236760680967,24.92213787030882,0.148,4.294,5809.844
4.2055605593397365,0.1493179386218797,24.929888713727653,0.148,4.294,5812.75
4.2054823588270205,0.1470176646906036,24.92874664320881,0.148,4.294,5815.656
4.205801656081114,0.1466522864078991,24.926716681509003,0.148,4.294,5818.578
4.205752882793716,0.1474978248640591,24.92833393743656,0.148,4.294,5821.484
4.20565651030447,0.1521207484670777,24.92996478682127,0.148,4.294,5824.39
4.2055797627596325,0.1489652780059009,24.921145701754103,0.148,4.294,5827.328
4.205785443140894,0.14756937438845,24.921549060050445,0.148,4.294,5830.234
4.205689079696248,0.1501394143894563,24.920065479769335,0.148,4.294,5833.14
4.20562888082402,0.1489609143005889,24.91245134032318,0.148,4.294,5836.062
4.205910623497275,0.1481069725854976,24.91672345774228,0.146,4.294,5838.969
4.205543837667364,0.1491159386058516,24.91011807333817,0.146,4.294,5841.875
4.205571282854858,0.1481355712495066,24.914153675530358,0.148,4.294,5844.781
4.2058242738689104,0.1481055914857229,24.903110311119946,0.146,4.294,5847.687
4.205592077374855,0.1495526097273497,24.91214928433746,0.148,4.294,5850.609
4.205527032673662,0.1472938969887612,24.91327235587396,0.146,4.294,5853.515
4.205680984369486,0.1502131868797342,24.916793840659597,0.146,4.294,5856.422
4.205584187530864,0.1494284105217356,24.90785537112601,0.146,4.294,5859.328
4.205925062959983,0.1491727740008774,24.90937672104551,0.146,4.294,5862.25
4.205983426552911,0.147370731021187,24.905075040012992,0.146,4.294,5865.156
4.206053529172113,0.1505770301407093,24.903781944247992,0.146,4.294,5868.062
4.205685728507072,0.1471273462006261,24.91154596319934,0.146,4.294,5870.969
4.205891049005106,0.1515601640951951,24.9000808764588,0.146,4.294,5873.875
4.205894928136659,0.1509820856619451,24.906920522274856,0.146,4.294,5876.797
4.205718613611467,0.1478373942502055,24.90792462482976,0.146,4.294,5879.703
4.206007587508434,0.1475473941757455,24.911419032845405,0.146,4.294,5882.609
4.2057417953692,0.1488082487916539,24.907445287807995,0.146,4.294,5885.515
4.20603164521634,0.1475989621729937,24.904649816028464,0.146,4.294,5888.422
4.206284402182206,0.1501351463004617,24.904893536534647,0.146,4.294,5891.328
4.206033553559389,0.1507354852619635,24.912163923330755,0.146,4.294,5894.25
4.20602002673395,0.1494503713039007,24.915638413875023,0.146,4.294,5897.156
4.2060512759727695,0.1466329208408646,24.89920681675256,0.146,4.294,5900.062
4.206034604395054,0.1463258887305053,24.901064481526436,0.146,4.294,5902.984
4.206236451655203,0.1490264900975823,24.90344547005476,0.146,4.294,5905.89
4.206165627627267,0.1463337181319034,24.89556047603487,0.146,4.294,5908.797
4.205969443724432,0.1498463455535491,24.89735337819666,0.146,4.294,5911.703
4.206018936492004,0.1469442914666913,24.895712118228705,0.146,4.294,5914.609
4.206185892944234,0.1499534878778171,24.8884825755349,0.146,4.294,5917.515
4.206523380711746,0.1485299292426168,24.88640097576004,0.146,4.294,5920.422
4.206355859873256,0.146626971987716,24.898655608768493,0.146,4.294,5923.344
4.206272824135025,0.1466713408151354,24.888937467862515,0.146,4.294,5926.25
4.206284051215868,0.1484613444955161,24.88871392526826,0.146,4.294,5929.156
4.206377262561225,0.1460880074911734,24.88829581138745,0.146,4.294,5932.062
4.206468193512129,0.1468204036284502,24.88272267484281,0.145,4.294,5934.984
4.206545905267308,0.1504325587232064,24.87915353166288,0.146,4.294,5937.89
4.206468326543305,0.1485832365460551,24.87847262546321,0.146,4.294,5940.797
4.206134378472935,0.1485003736473728,24.87781237697473,0.145,4.294,5943.703
4.206486946203153,0.1455583206408023,24.877597285082377,0.145,4.294,5946.609
4.206649158049402,0.1467202617113757,24.87090941971996,0.145,4.294,5949.515
4.205496092000418,0.1389651582667906,24.86746245529831,0.136,4.288,5952.453
4.205736794902861,0.1382332148861685,24.87321282648445,0.136,4.288,5955.359
4.205516519201543,0.1352915664605433,24.866621171638005,0.136,4.288,5958.265
4.20583696474772,0.137849224480274,24.868938532868757,0.137,4.288,5961.172
4.205768838465198,0.1372589444277237,24.867293238359483,0.136,4.288,5964.078
4.2056540009176,0.1389688527875736,24.86457596498612,0.137,4.288,5967.0
4.205931271066451,0.1371535161022284,24.861520057391896,0.136,4.288,5969.906
4.205763346890996,0.1374089250391133,24.86190832877671,0.136,4.288,5972.812
4.205655688622948,0.1402290377921403,24.852961035457923,0.136,4.288,5975.719
4.205664509244626,0.1394789111098007,24.854087939073665,0.136,4.288,5978.625
4.205646774522397,0.1344445074448086,24.85975352008496,0.136,4.288,5981.531
4.20577482060443,0.1381412875043147,24.864775495733237,0.136,4.288,5984.469
4.205673152304112,0.1375166729205106,24.858371491256023,0.136,4.288,5987.375
4.205839497945068,0.1381074919473585,24.85415218362788,0.136,4.288,5990.281
4.205869847832644,0.135191789332188,24.855406612963236,0.136,4.288,5993.203
4.205594061221703,0.1361708157029039,24.859730610415703,0.136,4.288,5996.109
4.2057584954069,0.1374240574865725,24.85340388425742,0.136,4.288,5999.015
4.20594395653283,0.1376393938704692,24.849972874207253,0.136,4.288,6001.922
4.205685501323273,0.1347562659487868,24.851259537904628,0.136,4.288,6004.844
4.205914197756462,0.1384530035417525,24.858508127205653,0.136,4.288,6007.75
4.205999276871503,0.1372166907902958,24.8427285364068,0.136,4.288,6010.656
4.205815542217607,0.1378321136377332,24.851293208201515,0.136,4.288,6013.562
4.205756679146585,0.1388789829851698,24.84280721747098,0.136,4.288,6016.469
4.206152952690339,0.1388227055635596,24.83755593245066,0.136,4.288,6019.39
4.205779813463789,0.1368044115986159,24.84632704849776,0.136,4.288,6022.297
4.205910362377581,0.1370447678673418,24.84448034907902,0.136,4.288,6025.203
4.205921354807026,0.1377938475158056,24.84220425176367,0.136,4.288,6028.109
4.205727828566963,0.137938246415958,24.84278867880733,0.136,4.288,6031.031
4.205763869338239,0.1354921153651173,24.838023749702423,0.136,4.288,6033.937
4.205825783431484,0.1370491024226244,24.840720699745848,0.136,4.288,6036.844
4.2061328880519016,0.1357036103589951,24.83093697531485,0.136,4.288,6039.75
4.206004667780218,0.1346924832098309,24.838472262254587,0.136,4.288,6042.656
4.205836683675146,0.1359093796168059,24.838677698627667,0.136,4.288,6045.562
4.2061180207353415,0.1399433000120893,24.833730876870828,0.136,4.288,6048.484
4.206284167551651,0.1368277862434526,24.831768352929632,0.136,4.288,6051.39
4.205916146924331,0.1390332923888343,24.82589894570095,0.136,4.288,6054.297
4.206031270168968,0.1371861938462048,24.83713151256481,0.136,4.288,6057.219
4.205978955383913,0.1349161885859679,24.825236799619866,0.136,4.288,6060.125
4.205935632582081,0.1360998996338678,24.822047826498704,0.136,4.288,6063.031
4.205933162249716,0.1353279642233698,24.823410414043607,0.136,4.288,6065.937
4.20610967198636,0.1411134911548945,24.82101046728594,0.136,4.288,6068.844
4.206374197451233,0.1385105176313548,24.818478133340093,0.134,4.288,6071.781
4.206434735198026,0.1379122275027326,24.81978476502299,0.136,4.288,6074.765
4.206004771068448,0.1340129535994446,24.816664185821065,0.136,4.288,6077.75
4.206623023707966,0.1364049893657374,24.82048717765538,0.134,4.288,6080.797
4.205459872554301,0.128407564473417,24.82457804988004,0.125,4.283,6083.797
4.2054968319456405,0.1291165931407623,24.81898405222845,0.125,4.283,6086.734
4.205086302417087,0.1266251954104789,24.82166297427761,0.125,4.283,6089.656
4.205146427133252,0.1276840737913605,24.81683031926405,0.125,4.283,6092.562
4.205016176295044,0.126339604827147,24.818514204311228,0.125,4.283,6095.469
4.205488100812276,0.1278223218136894,24.81540101796054,0.125,4.283,6098.375
4.205407004126992,0.1260938138697254,24.8114359973621,0.125,4.283,6101.281
4.2049894581588045,0.1257626661252463,24.808982008330915,0.125,4.283,6104.203
4.205328460854622,0.1260040752387118,24.815653793251368,0.125,4.283,6107.109
4.205227823414312,0.1230526252301853,24.81177078549861,0.125,4.283,6110.015
4.205106852609429,0.1268469704856515,24.81788643732639,0.125,4.283,6112.922
4.205326981545396,0.1271996240697508,24.823665667207333,0.125,4.283,6115.859
4.2052533603431295,0.1266369896560077,24.816810518360104,0.125,4.283,6118.765
4.205114422121922,0.1253753837352966,24.81165231904239,0.125,4.283,6121.672
4.2053208036001815,0.1287512494193499,24.809980302456957,0.125,4.283,6124.578
4.205365202346488,0.1244235365216598,24.80873610565297,0.125,4.283,6127.5
4.205331786949573,0.126055115860967,24.8109493408127,0.125,4.283,6130.406
4.205369492408696,0.1265824440354,24.81135551663207,0.125,4.283,6133.312
4.205323595751181,0.1266914136726108,24.807921111149973,0.125,4.283,6136.219
4.205559260146791,0.1243772397382824,24.809150626368453,0.125,4.283,6139.125
4.205293782467593,0.1294370145863315,24.819179796948024,0.125,4.283,6142.047
4.205619448929834,0.1294283588395455,24.80879404663835,0.125,4.283,6144.953
4.205378242823539,0.1250132106282844,24.81284348288817,0.125,4.283,6147.859
4.205679537345037,0.1266734260176399,24.8030928292759,0.125,4.283,6150.781
4.205338075774783,0.125778069799776,24.807238634093792,0.125,4.283,6153.687
4.205522117363955,0.1269303928770347,24.79371871220441,0.125,4.283,6156.594
4.205492560834516,0.1281115587154954,24.79654421821041,0.125,4.283,6159.5
4.205581307882042,0.1282410358700281,24.79824524967871,0.125,4.283,6162.422
4.205532036716696,0.1273327279920396,24.797187433982185,0.125,4.283,6165.328
4.205502320490973,0.1268427381236831,24.7928538088459,0.125,4.283,6168.234
4.205404460435004,0.126470559105718,24.801194796926996,0.125,4.283,6171.14
4.205314196004468,0.1253823668414509,24.79829027562476,0.125,4.283,6174.047
4.205524013921004,0.12782208764106,24.790010091535525,0.125,4.283,6176.969
4.205522070665835,0.1269716419595754,24.798640821414395,0.125,4.283,6179.875
4.205756750619952,0.1261270052957107,24.79191874955719,0.125,4.283,6182.781
4.205599812490317,0.1250529935886221,24.79524818645612,0.125,4.283,6185.703
4.205769648720062,0.1280890662974233,24.79116829075222,0.125,4.283,6188.609
4.205638126389967,0.1261540595179082,24.79242397542434,0.125,4.283,6191.515
4.205492571829018,0.1281060887238588,24.786402182291056,0.125,4.283,6194.422
4.205956912560168,0.1267853778205772,24.79450746805955,0.125,4.283,6197.328
4.206092364402428,0.1254965511693187,24.80312836885035,0.125,4.283,6200.234
4.205843519609788,0.1273306065997673,24.799783301521263,0.125,4.283,6203.156
4.205740024791365,0.1261411960488518,24.79197100440121,0.123,4.283,6206.094
4.205981943767044,0.1275363850272937,24.78340712275356,0.125,4.283,6209.109
4.205665305806563,0.125595428623362,24.78637667030713,0.125,4.283,6212.125
4.205992709332133,0.126741082498525,24.789268752439025,0.123,4.283,6215.062
4.205676201293991,0.1241944203603846,24.7839916123346,0.123,4.283,6217.984
4.205785182765134,0.1253215411417747,24.780600162855663,0.123,4.283,6220.984
4.205893836246379,0.1237274104966498,24.787006135477217,0.123,4.283,6223.969
4.2059738982397805,0.1282704225389252,24.78560984522761,0.123,4.283,6226.906
4.205746911787131,0.125998638429136,24.774867782331228,0.123,4.283,6229.828
4.205949176211034,0.1269183627435998,24.780011461360782,0.123,4.283,6232.75
4.205850755351113,0.1266905908773773,24.779359896730625,0.123,4.283,6235.656
4.205985069013796,0.1231762739478388,24.773710715526686,0.123,4.283,6238.562
4.205991525876788,0.1257854610145582,24.781378995161365,0.123,4.283,6241.469
4.206208434977808,0.1235183998147305,24.78718850700581,0.123,4.283,6244.375
4.205862525256805,0.1242847832295527,24.770741173367664,0.123,4.283,6247.281
4.206026073769995,0.1244839983541676,24.77535198281873,0.123,4.283,6250.187
4.206007344267378,0.123111741826132,24.77144823553228,0.123,4.283,6253.094
4.205944207150941,0.1241779743745936,24.77509383087184,0.123,4.283,6255.984
4.205910303974175,0.1263851829333865,24.763687348230125,0.123,4.283,6258.906
4.206139448788523,0.1272542015100189,24.763109137487792,0.123,4.283,6261.812
4.205966987164205,0.125071687337543,24.7706396531258,0.123,4.283,6264.719
4.205997078007052,0.1243160247901931,24.759087575204333,0.123,4.283,6267.625
4.206013008816661,0.1249604439329944,24.76014294609584,0.123,4.283,6270.531
4.206267921986907,0.1278563419038363,24.756623703093275,0.123,4.283,6273.437
4.206169124468328,0.1282581602938114,24.76046206719554,0.123,4.283,6276.344
4.206345441497837,0.121279900845786,24.760948074032708,0.123,4.283,6279.25
4.206127868380802,0.122785432166733,24.7632110300984,0.123,4.283,6282.156
4.206277044462811,0.1262559943876903,24.75931813171885,0.123,4.283,6285.062
4.206327731174541,0.1262779868136237,24.76548199498089,0.123,4.283,6287.969
4.206343748360244,0.1276923213193233,24.76490524909272,0.123,4.283,6290.875
4.206416611666388,0.1224600940088709,24.76235817384843,0.123,4.283,6293.781
4.206398485843261,0.1221652253100895,24.762786633458816,0.123,4.283,6296.687
4.206379800338191,0.1226530858990986,24.759723775822177,0.123,4.283,6299.594
4.206542214793942,0.1246538536558608,24.76007461276168,0.123,4.283,6302.5
4.206507646737656,0.1233160833560912,24.75113067811635,0.123,4.283,6305.406
4.206332928770903,0.1259442000950969,24.757368970284062,0.122,4.283,6308.312
4.2065282120223655,0.122671056703035,24.75029121929338,0.123,4.283,6311.219
4.206373066172005,0.1254134382410878,24.749519013408705,0.122,4.283,6314.125
4.206411796478777,0.1242140604781254,24.75514066631697,0.122,4.283,6317.031
4.206528371486286,0.1238613737786828,24.749938541907,0.122,4.283,6319.937
4.20647546004186,0.1269915140888908,24.756485694279952,0.122,4.283,6322.844
4.206485421540471,0.1228895116175299,24.757366920032048,0.122,4.283,6325.765
4.206623432376446,0.1232743591250089,24.754339273794287,0.122,4.283,6328.672
4.2056890028441485,0.1148153376112682,24.75141920267399,0.112,4.278,6331.609
4.205940500460833,0.1146292308736747,24.751626517570585,0.112,4.278,6334.515
4.205716393539002,0.1126766407164817,24.745310236576078,0.112,4.278,6337.422
4.20561636986564,0.1142327589865441,24.74899905183537,0.112,4.278,6340.328
4.205668250067765,0.113049503710651,24.75000559261583,0.112,4.278,6343.234
4.205674125341718,0.1142237145206622,24.74234884895429,0.112,4.278,6346.156
4.205773714159582,0.1166134915190375,24.741636185357216,0.112,4.278,6349.062
4.205752449577298,0.1145626459264249,24.751469068987515,0.112,4.278,6351.969
4.205641492262561,0.1147126627100234,24.74756781397175,0.112,4.278,6354.875
4.2057244269478655,0.1127735606085315,24.742149551291572,0.112,4.278,6357.781
4.205692121307682,0.1133400485055002,24.74580150829785,0.112,4.278,6360.703
4.205839623585335,0.1171232627121514,24.73918775229401,0.112,4.278,6363.64
4.205691619381869,0.1152281327522308,24.73929874175832,0.112,4.278,6366.547
4.205811958228046,0.1163934176104417,24.736049092354023,0.112,4.278,6369.453
4.205622470993676,0.1159721298157957,24.740631126747143,0.112,4.278,6372.359
4.205696105325489,0.1147489104118881,24.735776178898213,0.112,4.278,6375.281
4.205733883929194,0.1144085564389765,24.74243895628984,0.112,4.278,6378.187
4.2055171411713,0.1124329143519983,24.73816423095207,0.112,4.278,6381.094
4.205931030886684,0.1144820101950345,24.74010343381419,0.112,4.278,6384.0
4.205857901716447,0.1174855131308498,24.74126788991791,0.112,4.278,6386.906
4.206188828538241,0.1182536753623648,24.736236755648804,0.112,4.278,6389.828
4.20594026522028,0.1156231295138485,24.731126386010654,0.112,4.278,6392.734
4.206069601755371,0.115187848034818,24.734916316918923,0.112,4.278,6395.64
4.205697314915653,0.1137836623921136,24.72952376116342,0.112,4.278,6398.562
4.20590959645793,0.1116365458183976,24.730964559091355,0.112,4.278,6401.469
4.205903813577796,0.1117045501389422,24.731152918519182,0.112,4.278,6404.375
4.20586745388839,0.1091847236584152,24.73790681665685,0.112,4.278,6407.281
4.205835246184943,0.1174642298161427,24.72943336093613,0.112,4.278,6410.187
4.20597357193115,0.1155928955391891,24.72933353631528,0.112,4.278,6413.109
4.20622006405884,0.1163875994036472,24.734236237277248,0.112,4.278,6416.015
4.205843481767384,0.1134847104746535,24.727894210146044,0.112,4.278,6418.922
4.206099509258061,0.1128248655365478,24.724539091735405,0.112,4.278,6421.828
4.20606155217677,0.1154325792740566,24.729898274454456,0.112,4.278,6424.734
4.2058456972292655,0.1142400543031287,24.727868006124957,0.112,4.278,6427.656
4.205908914826007,0.1135405848962855,24.729948940122924,0.112,4.278,6430.562
4.205864343054314,0.1137808926081169,24.722870223157575,0.112,4.278,6433.469
4.206285338055737,0.1143115547546122,24.72954834655386,0.112,4.278,6436.39
4.206141411494219,0.1131992858248543,24.72534128290172,0.112,4.278,6439.297
4.206258161296994,0.1127913195332862,24.72120022706556,0.112,4.278,6442.203
4.206079398828847,0.1139030941571419,24.720926601203853,0.112,4.278,6445.109
4.206345769297628,0.1141959548142548,24.723199251679187,0.112,4.278,6448.015
4.205866828704033,0.1112059177403261,24.72207856742862,0.112,4.278,6450.937
4.206272398619201,0.1135981824555437,24.71279529673735,0.112,4.278,6453.844
4.206237426752021,0.1149468673262882,24.71944604957111,0.112,4.278,6456.75
4.205949236831464,0.1127510323126524,24.72220559324877,0.112,4.278,6459.656
4.206181903405217,0.1139073819514298,24.722566307075777,0.112,4.278,6462.578
4.2062043672446405,0.114539645390282,24.712720176586256,0.112,4.278,6465.484
4.206239009070721,0.1133288996061546,24.711164786622994,0.112,4.278,6468.39
4.20624672159141,0.1141374404305637,24.711940635026217,0.111,4.278,6471.297
4.206170330142883,0.1136374555638217,24.706656727170227,0.111,4.278,6474.219
4.206449224415878,0.1135771750313658,24.707264097409844,0.111,4.278,6477.125
4.20623780353137,0.1142265319749587,24.70933590764385,0.111,4.278,6480.031
4.206170116333166,0.1163140117672656,24.70648598433768,0.111,4.278,6482.937
4.206520233780989,0.1132768754548944,24.7023782826728,0.111,4.278,6485.844
4.206146483586474,0.1129372861479732,24.70276140134602,0.111,4.278,6488.75
4.206537029530683,0.1126554731720133,24.70973054073187,0.111,4.278,6491.672
4.206231384923658,0.1126523801055928,24.70437001319869,0.111,4.278,6494.578
4.206363500803612,0.1125157923600892,24.700950959676703,0.111,4.278,6497.484
4.206788023273257,0.1130120422128552,24.7024093444476,0.111,4.278,6500.39
4.206518690375332,0.1126543562107088,24.699097091704893,0.111,4.278,6503.312
4.206239387120161,0.1107464562031497,24.69957304999737,0.111,4.278,6506.219
4.206453295358839,0.1130849409944654,24.70260641244604,0.111,4.278,6509.125
4.206668375097473,0.1166260673578681,24.70097934101948,0.111,4.278,6512.031
4.206776826762835,0.1152398710192578,24.70178088703256,0.111,4.278,6514.937
4.20663430451797,0.1129541023806413,24.70569380584193,0.111,4.278,6517.859
4.206481541755945,0.1129874517536917,24.69820267419016,0.111,4.278,6520.765
4.2064399946622775,0.1139749298213839,24.704194466445173,0.111,4.278,6523.672
4.206397627451101,0.1110595809742023,24.701043309076805,0.111,4.278,6526.594
4.2066088779074615,0.1160388570903906,24.694320919644884,0.111,4.278,6529.5
4.206553504300143,0.1130507632266962,24.695484485572223,0.111,4.278,6532.406
4.20686516613591,0.1130617486934808,24.692319160732804,0.111,4.278,6535.312
4.206871362249258,0.1155113543929123,24.69380560218599,0.111,4.278,6538.219
4.20664532508867,0.1112455551231215,24.694301944203197,0.111,4.278,6541.125
4.206697142990448,0.1126034509138809,24.69225259285016,0.111,4.278,6544.047
4.206795722048801,0.1135674625787971,24.69317945751069,0.111,4.278,6546.953
4.206893424585931,0.11279194450853,24.69433495499315,0.111,4.278,6549.859
4.206732510979207,0.1142841946199411,24.6941756311507,0.111,4.278,6552.765
4.206649735385352,0.1141132929216676,24.69013517484762,0.111,4.278,6555.672
4.206667728020174,0.1118348394322236,24.68590385536329,0.111,4.278,6558.594
4.207045424348524,0.1136306397789523,24.68575148291771,0.111,4.278,6561.5
4.20689393016323,0.1125399231563378,24.68578463964609,0.111,4.278,6564.406
4.206861804005454,0.1134974824363572,24.68126248217029,0.111,4.278,6567.312
4.206691678293306,0.1107832647980317,24.68325459676544,0.11,4.278,6570.234
4.206857990874414,0.1098999999295073,24.68293789830263,0.111,4.278,6573.14
4.207106814275376,0.1095584818461865,24.68068922868713,0.111,4.278,6576.047
4.206899789552629,0.1127518664773236,24.67976862891075,0.11,4.278,6578.953
4.207067971760232,0.1127145650930726,24.676818119963183,0.11,4.278,6581.859
4.2069062380038,0.1116542778713614,24.669425822431265,0.11,4.278,6584.781
4.20688356557209,0.1120699214335526,24.67944454282364,0.11,4.278,6587.687
4.206847743255207,0.1124395093957105,24.6854402958979,0.11,4.278,6590.594
4.2070277949787815,0.1112669998849605,24.6805954129074,0.11,4.278,6593.515
4.207085970209407,0.1114744949409523,24.67831141311922,0.11,4.278,6596.422
4.207038838866532,0.1109584793356533,24.68027826866518,0.11,4.278,6599.328
4.207061910680916,0.1123425978702966,24.68307660650717,0.11,4.278,6602.234
4.206993369967064,0.1116668149171126,24.69336792638503,0.11,4.278,6605.14
4.207073643064521,0.1114866381085024,24.68341551978485,0.11,4.278,6608.062
4.207332677651846,0.1107060868767007,24.67912806931758,0.11,4.278,6610.969
4.20716413270258,0.1092574884768478,24.67546560560376,0.11,4.278,6613.875
4.207245158768946,0.1146485360266332,24.67743424866597,0.11,4.278,6616.781
4.2073408898093305,0.1135431527534204,24.67388257999473,0.11,4.278,6619.687
4.2071983578539625,0.1106219610861618,24.674865689156466,0.11,4.278,6622.625
4.207439292848561,0.1113853565055166,24.669190360291957,0.11,4.278,6625.547
4.207194302923539,0.113232812100653,24.66355855320784,0.11,4.278,6628.453
4.207402238567018,0.1125484577120742,24.67012012129598,0.11,4.278,6631.359
4.207415624025636,0.1135689745512239,24.666695809011426,0.11,4.278,6634.265
4.207352058523266,0.1123726954772661,24.66513757382612,0.11,4.278,6637.172
4.207383579890462,0.1111797223525845,24.66350224811536,0.11,4.278,6640.094
4.207331387163494,0.1113163853899137,24.668385122329585,0.11,4.278,6643.0
4.20750249109419,0.110097580125991,24.66568262280714,0.11,4.278,6645.906
4.20748362386589,0.1144291483808217,24.66473355655801,0.11,4.278,6648.812
4.207522145506524,0.1124231413401058,24.663888492179243,0.11,4.278,6651.734
4.207473240237544,0.1122935285659325,24.663810258238332,0.11,4.278,6654.672
4.2074047363486855,0.110760207766669,24.65939621337155,0.11,4.278,6657.578
4.207520525749766,0.1119771203612204,24.656526233301506,0.11,4.278,6660.484
4.207471260493557,0.1131133119730395,24.65956064797337,0.11,4.278,6663.39
4.207525410029652,0.1120770153909251,24.651506558424927,0.11,4.278,6666.297
4.207363526637632,0.1098192280667432,24.657296478579102,0.11,4.278,6669.219
4.20760240945314,0.1091967893728662,24.64772475076343,0.108,4.278,6672.125
4.206696917441279,0.1020717264676834,24.647527312187588,0.099,4.272,6675.062
4.205873842129531,0.0923252287222348,24.64877177128868,0.089,4.267,6677.984
4.205966408944409,0.0902716594322524,24.644932447685143,0.091,4.267,6680.906
4.205675981186792,0.0926637766120585,24.64794107544798,0.091,4.267,6683.812
4.205866563131833,0.088344405338672,24.654166373572732,0.091,4.267,6686.719
4.205650970871387,0.0943798253590121,24.65655946557051,0.091,4.267,6689.625
4.20547489928573,0.0907345389840166,24.646600529770588,0.091,4.267,6692.531
4.205567672730568,0.0905923247826106,24.64443123522765,0.091,4.267,6695.453
4.205434067483486,0.0907616440462995,24.658546689946967,0.091,4.267,6698.359
4.205573994872092,0.0921853688730985,24.64419812973102,0.091,4.267,6701.265
4.20549718542581,0.0916992911218354,24.64842072874233,0.091,4.267,6704.172
4.205653669645463,0.0951647863668471,24.64812793185976,0.091,4.267,6707.078
4.205652834315093,0.0930675974174354,24.645292968076223,0.091,4.267,6710.015
4.205684949280075,0.0917460898265956,24.646149596012304,0.091,4.267,6712.922
4.205469929073484,0.0935880732420613,24.63896680672393,0.091,4.267,6715.844
4.20559043417884,0.0937494748589549,24.64118040964827,0.091,4.267,6718.75
4.20569952345773,0.0897414933326319,24.642511657271363,0.091,4.267,6721.656
4.205619687561534,0.0901913347722775,24.64292770583085,0.091,4.267,6724.562
4.205614961002845,0.0917825601307191,24.63815526373354,0.091,4.267,6727.469
4.205661667057846,0.0919014426537905,24.640778869877582,0.091,4.267,6730.39
4.205468587066851,0.0941462172271091,24.64242632550956,0.091,4.267,6733.297
4.205697381475669,0.0954474801063461,24.63950154212712,0.091,4.267,6736.203
4.205714750951796,0.0920380876064027,24.633970165926996,0.091,4.267,6739.109
4.2055749527327855,0.0930011103028426,24.637390779688918,0.091,4.267,6742.015
4.205611674371381,0.0946865088671136,24.64408611729085,0.091,4.267,6744.937
4.205555703089378,0.0893229980605792,24.64264975492805,0.091,4.267,6747.844
4.205517809902416,0.0932129811447038,24.636940551146875,0.091,4.267,6750.75
4.205701854921818,0.0921642254497417,24.641022348921403,0.091,4.267,6753.656
4.205709071260007,0.0943946819784258,24.63688367131141,0.091,4.267,6756.578
4.205622647959141,0.0950102013545994,24.63623602290172,0.091,4.267,6759.484
4.205580111816019,0.0918756364015976,24.638460165923657,0.091,4.267,6762.39
4.205823040870046,0.0925942704868436,24.6316283865491,0.091,4.267,6765.297
4.205607213458364,0.0921878513946887,24.637543866643544,0.091,4.267,6768.219
4.205520072865256,0.0900768483416988,24.635376074158227,0.091,4.267,6771.125
4.205560816712591,0.0908514014155704,24.63405923437293,0.091,4.267,6774.031
4.205678434248223,0.0928253667250982,24.635405629287447,0.091,4.267,6776.953
4.205771832523323,0.0919357272643794,24.641891737428164,0.091,4.267,6779.859
4.205576797119776,0.0918225346504701,24.637126124797973,0.091,4.267,6782.765
4.20580851482228,0.0905623305043315,24.640226079716896,0.091,4.267,6785.687
4.205561747977958,0.0926013422126322,24.634709862470874,0.091,4.267,6788.594
4.205769107452364,0.0872613524023682,24.63531377885196,0.091,4.267,6791.5
4.205492126978564,0.0949376490530271,24.62580186060792,0.091,4.267,6794.422
4.205789757938416,0.0925708435377782,24.62795508695028,0.091,4.267,6797.328
4.2059138634967,0.0916494222720468,24.63300329353076,0.091,4.267,6800.234
4.205616099832548,0.093306141113334,24.624437293171702,0.091,4.267,6803.14
4.205540051226086,0.0927119471436133,24.627364799282184,0.091,4.267,6806.062
4.205655229359895,0.0900814438746756,24.63261116749561,0.091,4.267,6808.984
4.205731774499784,0.0920357841561596,24.6262681821678,0.091,4.267,6811.89
4.205886677456702,0.0924227226273268,24.624538227961757,0.091,4.267,6814.797
4.205770654458438,0.0916304629112001,24.625899127415384,0.091,4.267,6817.703
4.205777555044438,0.0919308798203972,24.62091417024969,0.091,4.267,6820.625
4.205898472500713,0.0913444766607841,24.625193139924548,0.091,4.267,6823.531
4.205785677781295,0.0917666215338157,24.616898990714983,0.091,4.267,6826.437
4.205567529945509,0.091042234121181,24.625640025225444,0.091,4.267,6829.344
4.206023763676015,0.0903457604682943,24.62230775415136,0.091,4.267,6832.265
4.20570109387033,0.0934995176604598,24.618800047640924,0.091,4.267,6835.187
4.205802976752636,0.0891777066165759,24.626978595898198,0.091,4.267,6838.094
4.205532705110635,0.0930416029631873,24.62429053807584,0.091,4.267,6841.0
4.205693467564341,0.0912942075004028,24.6207986729335,0.091,4.267,6843.906
4.205868416047687,0.0918416091825345,24.621818675835897,0.091,4.267,6846.828
4.205863538868758,0.0928917052386787,24.617580012342216,0.091,4.267,6849.734
4.205905201441503,0.0929766514918363,24.62613499814924,0.091,4.267,6852.64
4.20579913336402,0.0923679297903153,24.6218348165526,0.091,4.267,6855.562
4.206018293122858,0.0927541528182698,24.61930434267061,0.091,4.267,6858.469
4.205730859431887,0.0916348020930745,24.617023887279316,0.091,4.267,6861.39
4.205904765943986,0.0913418823188464,24.617147576941463,0.091,4.267,6864.297
4.206020851718402,0.0916123885989669,24.613921744774697,0.091,4.267,6867.219
4.205986739409427,0.0932070592522613,24.61788960872712,0.091,4.267,6870.125
4.206051181058475,0.0924609687040019,24.613626786095168,0.089,4.267,6873.047
4.206103333040797,0.0943460944336255,24.61703769702957,0.089,4.267,6875.953
4.20580386344247,0.0908329994061223,24.61343619722396,0.091,4.267,6878.859
4.206040801336703,0.092609219596004,24.62405112986349,0.089,4.267,6881.765
4.205888132178226,0.0934275699398561,24.613361396957565,0.091,4.267,6884.672
4.205889619386677,0.0915706264665862,24.61348491839089,0.089,4.267,6887.578
4.206075373938354,0.0913516630631273,24.616567226222728,0.089,4.267,6890.5
4.206096225107336,0.0931820965764741,24.61255066554657,0.089,4.267,6893.406
4.205980127373991,0.0944129683439746,24.6166704427364,0.089,4.267,6896.312
4.206124879468324,0.0923838173722651,24.61468021184998,0.089,4.267,6899.219
4.206142607005744,0.0873344071112987,24.61790319752774,0.089,4.267,6902.125
4.206202129741496,0.090722244018665,24.61162221676179,0.089,4.267,6905.031
4.206125049090589,0.089835234385091,24.613101679586904,0.089,4.267,6907.953
4.206136742151969,0.0901578688711694,24.616669761220454,0.089,4.267,6910.859
4.2060687327987685,0.0930598250674728,24.61616391313157,0.089,4.267,6913.765
4.206048597847812,0.0921875160374473,24.607492999014973,0.089,4.267,6916.672
4.206105905921963,0.0903181915967518,24.60859005866717,0.089,4.267,6919.594
4.206072312033297,0.0919440492864531,24.60583531188293,0.089,4.267,6922.5
4.206018483488959,0.0921036653149475,24.603933945338245,0.089,4.267,6925.422
4.206406491883646,0.0895409010515543,24.608120100786486,0.089,4.267,6928.328
4.20627099684871,0.0908507305043182,24.60106094285383,0.089,4.267,6931.234
4.206128401383524,0.0904939320091754,24.608700183886945,0.089,4.267,6934.14
4.206191047448218,0.0898311782536641,24.59907626567137,0.089,4.267,6937.062
4.206119585023403,0.089303818539569,24.601944209877036,0.089,4.267,6939.969
4.206140624542146,0.0895565397215441,24.599155600304027,0.089,4.267,6942.875
4.206289013079526,0.0921858376885178,24.597163903365217,0.089,4.267,6945.797
4.206297608410784,0.0902478895179308,24.608419600888467,0.089,4.267,6948.703
4.206097859700132,0.0893956859546891,24.60969818368573,0.089,4.267,6951.609
4.206223363247929,0.0892413929789823,24.60769620346356,0.089,4.267,6954.515
4.206312128094825,0.0897782157856212,24.610887650474883,0.089,4.267,6957.422
4.206432785913106,0.0923928327930239,24.602338543337915,0.089,4.267,6960.344
4.206539790530544,0.0936039598319333,24.6030519826212,0.089,4.267,6963.25
4.206503375469626,0.0899351867113114,24.60451959579705,0.089,4.267,6966.156
4.206289723517648,0.0919090722880082,24.604955703172767,0.089,4.267,6969.094
4.206217169013696,0.0894971656149703,24.59406570716847,0.089,4.267,6972.0
4.206328468698925,0.0909520137123477,24.600343773752048,0.089,4.267,6974.906
4.206711483888569,0.0909697369924834,24.599485968420105,0.089,4.267,6977.812
4.205634606508992,0.0820525615892121,24.60581332571876,0.08,4.261,6980.75
4.205680520190513,0.0805184482910674,24.596436167895316,0.08,4.261,6983.656
4.205445850808507,0.0821320459431401,24.602399641600528,0.08,4.261,6986.562
4.205749711901627,0.0800315954425778,24.604876837974512,0.08,4.261,6989.469
4.205565048631381,0.0807278918070362,24.601327233733578,0.08,4.261,6992.375
4.205408898403287,0.0815011270797993,24.60074228031911,0.08,4.261,6995.281
4.205307324871388,0.0821166335270312,24.596063039244925,0.08,4.261,6998.187
4.205490192874734,0.0838551864490327,24.595560029121017,0.08,4.261,7001.094
4.205523052941124,0.07861572806421,24.594380148253407,0.08,4.261,7004.0
4.20551133906023,0.0827971905391188,24.591257359440704,0.08,4.261,7006.906
4.20547186522008,0.0804657202301275,24.590663252175123,0.08,4.261,7009.812
4.205518560047548,0.0800979947911387,24.58184872721904,0.08,4.261,7012.75
4.205650817696259,0.0804374196124534,24.58976506436709,0.08,4.261,7015.656
4.20545859738941,0.0813932779797405,24.59280892455312,0.08,4.261,7018.562
4.2056688333416,0.0820995700451875,24.58865195194161,0.08,4.261,7021.469
4.20560755755901,0.084945675896322,24.59239230854429,0.08,4.261,7024.375
4.205539038546406,0.0790756836121664,24.58683150070765,0.08,4.261,7027.265
4.205604079284087,0.0796440015054579,24.586678212207225,0.08,4.261,7030.172
4.205427285026265,0.0816768026953789,24.58594174387792,0.08,4.261,7033.078
4.205470676327368,0.0835839185979234,24.584182487740083,0.08,4.261,7035.984
4.205556560459131,0.0781951610402445,24.58201059691177,0.08,4.261,7038.89
4.20542432227832,0.0820319910169224,24.590195105479307,0.08,4.261,7041.797
4.20539083267709,0.0808787148412732,24.581390475996976,0.08,4.261,7044.703
4.20538288018657,0.0816132914704209,24.583831382367315,0.08,4.261,7047.625
4.205554117207266,0.0783146816722759,24.577765770554624,0.08,4.261,7050.531
4.2053426274985375,0.0806326758982864,24.583971775947056,0.08,4.261,7053.437
4.205665621382389,0.0785663349978488,24.57976809904395,0.08,4.261,7056.328
4.205384183201945,0.0805007498842161,24.571809472016128,0.08,4.261,7059.234
4.205541897579165,0.0820267721620755,24.57621874837904,0.08,4.261,7062.14
4.205696758988098,0.0814626717073555,24.57378338210774,0.08,4.261,7065.047
4.20554488631382,0.0777278018722902,24.581987388859773,0.08,4.261,7067.953
4.205579008720185,0.0825822238244134,24.57494528759699,0.08,4.261,7070.859
4.205352751508034,0.0820295826639147,24.57358673446033,0.08,4.261,7073.75
4.205419646295886,0.077360946408471,24.583426855127417,0.08,4.261,7076.656
4.205391432521457,0.0788398757642069,24.57731208538904,0.08,4.261,7079.578
4.20552491017628,0.0773457482092857,24.57343908707384,0.08,4.261,7082.484
4.205664430090397,0.0816047590289946,24.56994051230432,0.08,4.261,7085.39
4.205635995839388,0.0792311983653494,24.571211006926134,0.08,4.261,7088.297
4.20552507608497,0.0776133346607994,24.56770447732999,0.08,4.261,7091.203
4.205675123870829,0.0789106495962155,24.574442395047605,0.08,4.261,7094.109
4.205549242414725,0.0792915958448523,24.575530055486283,0.079,4.261,7097.015
4.205795303975407,0.0790244645851599,24.562600006061697,0.08,4.261,7099.922
4.20561445163683,0.0819410397193797,24.56862589224323,0.079,4.261,7102.828
4.2056501974400495,0.0798318503704612,24.573759170074304,0.079,4.261,7105.719
4.205591596509832,0.0810634860685522,24.569665256844107,0.08,4.261,7108.625
4.205540827481422,0.0792780103077721,24.565023260774783,0.08,4.261,7111.547
4.205620292454147,0.0816988651197755,24.5708037357457,0.08,4.261,7114.453
4.205662691748576,0.078635413984433,24.56897843923455,0.079,4.261,7117.359
4.20553602313761,0.0786770018335515,24.572878938633067,0.079,4.261,7120.265
4.205781738286525,0.0797137563186338,24.57495464206488,0.08,4.261,7123.172
4.205695940655942,0.0786670380892155,24.565367507374795,0.08,4.261,7126.078
4.205715807683281,0.0793361561710376,24.56387409592652,0.079,4.261,7128.984
4.205580993182373,0.0789967779356054,24.574303827723007,0.079,4.261,7131.89
4.20571931680597,0.0781054021917745,24.576171106699444,0.079,4.261,7134.797
4.20587582588124,0.0797020554124768,24.57181013534642,0.079,4.261,7137.703
4.20570724814827,0.0772721910579049,24.571299084004306,0.079,4.261,7140.609
4.205981549726124,0.0876703172987115,24.56059149437101,0.079,4.261,7143.531
4.205704308252994,0.0791252334666717,24.569454804953235,0.079,4.261,7146.437
4.205906656663847,0.0781304357339687,24.559938036483786,0.079,4.261,7149.344
4.205755973416754,0.0800401520909593,24.559986086870985,0.079,4.261,7152.25
4.205789247392616,0.0819846460725078,24.568902438040077,0.079,4.261,7155.156
4.205941499693358,0.0800306457841763,24.56825431549125,0.079,4.261,7158.062
4.205462184205944,0.0757869168890181,24.55549444453256,0.079,4.261,7160.969
4.205859398172116,0.0787109136269261,24.558999727564085,0.079,4.261,7163.875
4.205930853994173,0.0774095648607062,24.56563413911764,0.079,4.261,7166.781
4.205915545455563,0.0806740815181396,24.566439010664247,0.079,4.261,7169.687
4.206016109758594,0.0793481624737733,24.568253438782467,0.079,4.261,7172.594
4.205928946544889,0.0785918699513258,24.55850624339739,0.079,4.261,7175.515
4.20573201870647,0.0809621451904142,24.56409651485428,0.079,4.261,7178.422
4.205782690724239,0.0784119178916559,24.55882301497071,0.079,4.261,7181.328
4.20574202691479,0.0790718195284632,24.56917690413084,0.079,4.261,7184.234
4.205978903365278,0.0806118017414326,24.5651770683063,0.079,4.261,7187.14
4.206062432201759,0.0806124763969016,24.55887682375913,0.079,4.261,7190.047
4.206050687322063,0.0840253223479886,24.5550060112416,0.079,4.261,7192.953
4.205915785486259,0.076425492181986,24.55583250494477,0.079,4.261,7195.859
4.205538441843316,0.0793739803788948,24.56246110462273,0.079,4.261,7198.765
4.20623779745104,0.0918446637165035,24.55554577745801,0.079,4.261,7201.672
4.206028852666849,0.0836473147169864,24.55869001987531,0.079,4.261,7204.578
4.206279233600831,0.0796459427790383,24.551892347390712,0.079,4.261,7207.5
4.2059526013929,0.0795790452893554,24.552388738858244,0.079,4.261,7210.406
4.205861204241314,0.075319535552453,24.552484885204656,0.079,4.261,7213.312
4.206006930614661,0.0814002645694133,24.555455473080016,0.079,4.261,7216.219
4.206055093341785,0.0810767087048565,24.55169743308311,0.079,4.261,7219.125
4.205939836831837,0.0818269246766703,24.545756145546036,0.079,4.261,7222.015
4.205433363091752,0.0824038280136039,24.549360699079,0.079,4.261,7224.922
4.206157318097611,0.0800689537209169,24.541693630707336,0.079,4.261,7227.828
4.206140071872462,0.07900057724767,24.54928307582611,0.079,4.261,7230.734
4.205976399356563,0.0790014623248929,24.55097441018151,0.079,4.261,7233.656
4.206041089887659,0.0790088808762549,24.5477754248079,0.079,4.261,7236.547
4.206043932337265,0.0823683433722675,24.54201411191697,0.079,4.261,7239.469
4.20612609666975,0.0755708696416109,24.54423587869273,0.079,4.261,7242.375
4.206215161801641,0.0846490423444471,24.55067744464571,0.079,4.261,7245.281
4.206320706340772,0.0793982236637135,24.55047863098612,0.079,4.261,7248.187
4.206282620165268,0.0790280393415319,24.549586150292797,0.079,4.261,7251.094
4.206193737829022,0.0787538796319215,24.54907780844112,0.079,4.261,7254.0
4.206476047122913,0.0807697759969358,24.54096041621888,0.079,4.261,7256.906
4.206281770876732,0.079040082135384,24.53722098694117,0.079,4.261,7259.812
4.206164603898044,0.0796069557472523,24.53926512879566,0.079,4.261,7262.719
4.20626234690844,0.0782018888748555,24.54874138576199,0.079,4.261,7265.625
4.206235863415473,0.0795671283107903,24.5396498613574,0.079,4.261,7268.531
4.2064158003951615,0.0771615603260737,24.54388919500685,0.077,4.261,7271.469
4.206254731215495,0.0791866855951554,24.53566215274428,0.079,4.261,7274.375
4.206216411856951,0.0794085573016987,24.539004359129603,0.079,4.261,7277.265
4.206162001021286,0.0787524623664519,24.531620996370844,0.077,4.261,7280.172
4.206115766454193,0.0804830750759354,24.531629889044304,0.077,4.261,7283.078
4.206207623036592,0.0787766845605016,24.528309164043133,0.077,4.261,7285.984
4.206125463850449,0.0769730599457056,24.53121646348066,0.077,4.261,7288.89
4.206261163778765,0.0808975746270985,24.53133216599384,0.077,4.261,7291.797
4.206496828676864,0.0773616812667386,24.53313990119133,0.077,4.261,7294.703
4.206252864905937,0.0783878538673188,24.5405910258341,0.077,4.261,7297.609
4.20656642986768,0.0759015319952191,24.531862509790543,0.077,4.261,7300.5
4.205668355404956,0.0701410559747017,24.53916094851889,0.068,4.256,7303.437
4.205604891031348,0.0663576456020642,24.534996148561397,0.068,4.256,7306.344
4.205506043660575,0.0713935596937808,24.53497133205376,0.069,4.256,7309.25
4.205432001702488,0.0699550605624859,24.53340355621608,0.068,4.256,7312.156
4.205667998804628,0.0701956577546397,24.525022731351644,0.069,4.256,7315.062
4.205513127706778,0.07353295658419,24.53163350040148,0.069,4.256,7317.969
4.205551419839604,0.0702633332509208,24.521029496719223,0.068,4.256,7320.875
4.205481174962396,0.0705824905924786,24.534999190662017,0.069,4.256,7323.781
4.205335710619544,0.06913401620284,24.530564776376977,0.069,4.256,7326.687
4.205732447383609,0.0720058776238741,24.530771599132283,0.069,4.256,7329.594
4.2052749671806735,0.071221487423355,24.532725618909108,0.069,4.256,7332.515
4.20542994029853,0.0690772206473551,24.541703839577504,0.069,4.256,7335.437
4.205296729403418,0.0701221924059341,24.528423830025712,0.069,4.256,7338.344
4.205144527812453,0.0686793273822312,24.538759065706685,0.069,4.256,7341.25
4.2058222360615085,0.071785409252463,24.53414675021136,0.069,4.256,7344.156
4.205460987637957,0.067319827607725,24.53646769314203,0.068,4.256,7347.062
4.205938376801504,0.0695214366629806,24.528112227369043,0.069,4.256,7349.969
4.205464953799082,0.0685479794320142,24.52629568668752,0.069,4.256,7352.875
4.205426690859193,0.0670494966736168,24.52675927181845,0.069,4.256,7355.781
4.205281252533303,0.0684343580666276,24.53689488412437,0.069,4.256,7358.687
4.2056540094914805,0.0680103875443479,24.536929756369133,0.069,4.256,7361.609
4.205479103519835,0.0691710136428372,24.531323622862622,0.069,4.256,7364.515
4.2057045369126325,0.0677444524339839,24.53250403179024,0.069,4.256,7367.422
4.205328341437948,0.069463406965988,24.53388235559372,0.068,4.256,7370.328
4.2054381230368,0.0692438763985648,24.53549504758294,0.069,4.256,7373.234
4.205384738074362,0.0699283724446482,24.53139889460701,0.068,4.256,7376.14
4.2058476205093855,0.0686864392545626,24.528125235021648,0.068,4.256,7379.047
4.205344169438552,0.068634614580396,24.5252728603065,0.069,4.256,7381.953
4.20555406094834,0.0695490943301554,24.531187122070367,0.069,4.256,7384.859
4.205435697082068,0.0693534105408514,24.52883222258593,0.069,4.256,7387.765
4.205539262378177,0.0681493922969045,24.524389890585333,0.068,4.256,7390.672
4.20557672433232,0.0709120592550165,24.53379183826212,0.069,4.256,7393.578
4.2055383031046585,0.0691695091659939,24.526137652274294,0.068,4.256,7396.5
4.205500328873906,0.071782608740799,24.51838947551613,0.069,4.256,7399.39
4.205731798832431,0.0718489773481469,24.523375167168563,0.069,4.256,7402.312
4.205651088037076,0.0701646795660121,24.52055113132861,0.069,4.256,7405.219
4.205683144264617,0.0704808176218595,24.520360130620823,0.068,4.256,7408.125
4.205821520750694,0.0689506665311841,24.52382618732292,0.069,4.256,7411.047
4.205562731658942,0.068571837962358,24.512660490042915,0.068,4.256,7413.953
4.205453869924782,0.0716373412443025,24.518134374583127,0.068,4.256,7416.859
4.205669341192006,0.0689523507487199,24.52889206595803,0.068,4.256,7419.765
4.205579412855718,0.0705164543016875,24.52152608351097,0.068,4.256,7422.672
4.205543859149442,0.069588491853329,24.514956593128943,0.068,4.256,7425.578
4.205316120197459,0.0675458121955944,24.51600548073152,0.068,4.256,7428.484
4.205664788380788,0.0694330231514547,24.51561738115405,0.068,4.256,7431.39
4.205663521119056,0.0709675477443297,24.514267146640424,0.068,4.256,7434.312
4.205647441557549,0.0683875504900023,24.51111053079329,0.068,4.256,7437.219
4.205594708970436,0.0705393854940479,24.512357515216397,0.068,4.256,7440.125
4.205201408016007,0.0691338966207276,24.50386992154738,0.068,4.256,7443.047
4.205671003844082,0.0676958753626064,24.50890857826961,0.068,4.256,7445.953
4.205737979168621,0.068812589636282,24.510028108392675,0.068,4.256,7448.859
4.205708701391914,0.0696004320486812,24.507824614954693,0.068,4.256,7451.765
4.205606866602828,0.0652771077002655,24.50748203177255,0.068,4.256,7454.672
4.205716481896323,0.0702908411120012,24.50910813877214,0.068,4.256,7457.578
4.205694046789702,0.0696017416987629,24.51154039656763,0.068,4.256,7460.484
4.205562658135341,0.0695533637488839,24.518525077331564,0.068,4.256,7463.39
4.20586767192229,0.0705686881393368,24.518344117016763,0.068,4.256,7466.312
4.2057181690724965,0.0688811086743011,24.511417025619245,0.068,4.256,7469.219
4.205659993893541,0.0700835354692212,24.506023801394612,0.068,4.256,7472.125
4.205685076503372,0.0698692036774213,24.51757541324872,0.068,4.256,7475.031
4.205783057129195,0.0720807024823746,24.507150409894017,0.068,4.256,7477.953
4.205294317511436,0.0728306037790927,24.51425019784132,0.068,4.256,7480.859
4.205519555837116,0.0682972664623857,24.51397486345613,0.068,4.256,7483.765
4.205628282283069,0.0704424428736799,24.513400521727085,0.068,4.256,7486.672
4.205677014629473,0.0671038190316336,24.514111456352595,0.068,4.256,7489.578
4.2057314064210685,0.0672575088111283,24.514593455307065,0.068,4.256,7492.484
4.20557158118932,0.0696616021725797,24.5146817742965,0.068,4.256,7495.406
4.205684474936328,0.0661183809098543,24.5206355176687,0.068,4.256,7498.328
4.205689047493967,0.0689258287390153,24.52017292878345,0.068,4.256,7501.234
4.20578424190778,0.0712381135564071,24.51313921032271,0.068,4.256,7504.14
4.205649141055502,0.0700759314668866,24.513126504987437,0.068,4.256,7507.047
4.205688794811389,0.068799368340697,24.51031418459484,0.068,4.256,7509.953
4.205957036505159,0.0718622112601595,24.50598955962139,0.068,4.256,7512.859
4.2056567887519245,0.0699197403855264,24.502041181694665,0.068,4.256,7515.781
4.205871203392388,0.0710137800956776,24.514215443565053,0.068,4.256,7518.687
4.205775379384949,0.0729892028522473,24.51237043678472,0.068,4.256,7521.594
4.205977030468803,0.0668441766953514,24.506593701394014,0.068,4.256,7524.5
4.2058438604192165,0.0704446262782057,24.511859847032863,0.068,4.256,7527.406
4.205619397695407,0.0657140667174362,24.511646343177866,0.068,4.256,7530.312
4.205910438516824,0.0712961978954531,24.50866456693973,0.068,4.256,7533.219
4.205830397453803,0.0719806926756668,24.50707629494526,0.068,4.256,7536.14
4.205963143535753,0.0686906038585129,24.5063916162376,0.068,4.256,7539.047
4.205980004053361,0.0699890882698008,24.49860010744422,0.068,4.256,7541.969
4.206172761990295,0.0688797959231256,24.494950077973524,0.068,4.256,7544.875
4.206103258006279,0.0703384846670549,24.50266198883421,0.068,4.256,7547.781
4.206021280243816,0.0695107080861567,24.49815834499729,0.068,4.256,7550.687
4.205891067850372,0.0688026532528068,24.504467934331405,0.068,4.256,7553.594
4.205826607966333,0.0697778191045078,24.49665492734267,0.068,4.256,7556.5
4.206147754440501,0.0679842137676787,24.49653127073604,0.068,4.256,7559.406
4.205987395581683,0.062906694452536,24.496512537590597,0.068,4.256,7562.328
4.2059558233664,0.0701198753505583,24.493548046040264,0.068,4.256,7565.234
4.206180860040558,0.0660104426180936,24.501150720995035,0.068,4.256,7568.14
4.205894071560856,0.0699840794943801,24.497929046027544,0.068,4.256,7571.047
4.206077547972286,0.069968122715617,24.49783864554781,0.068,4.256,7573.953
4.206231597008109,0.0701156502388018,24.501640556566336,0.068,4.256,7576.859
4.205954788580402,0.0675892029096944,24.50195018310177,0.068,4.256,7579.765
4.205959455535198,0.071181164527249,24.497511339460736,0.068,4.256,7582.687
4.2062897700390485,0.0697156391189493,24.49231668735712,0.068,4.256,7585.594
4.205964596990826,0.0671543365884191,24.49753261870435,0.068,4.256,7588.5
4.206517493500612,0.0690188488594477,24.48891741488399,0.068,4.256,7591.406
4.206156936406948,0.064965376707942,24.494781117567797,0.066,4.256,7594.344
4.20638805716959,0.0696107757759339,24.498484882198834,0.068,4.256,7597.25
4.206298556383733,0.0701488833356937,24.502940268634333,0.066,4.256,7600.156
4.2063148698431725,0.0670228976318127,24.49852709016622,0.066,4.256,7603.062
4.206227207320358,0.0684606129239787,24.495072531563487,0.066,4.256,7605.969
4.206177294796402,0.0678659356460869,24.49940866129052,0.066,4.256,7608.875
4.205992032899897,0.0690776251081875,24.491956111801414,0.066,4.256,7611.781
4.206517349069607,0.0682749256931766,24.488198255571447,0.066,4.256,7614.687
4.206100311696935,0.0684449603700698,24.489644447854342,0.066,4.256,7617.594
4.206287969447013,0.0707314980633991,24.495507385987427,0.066,4.256,7620.5
4.206238205376682,0.0674631711520141,24.50468865288795,0.066,4.256,7623.406
4.206113962071964,0.0734203948598334,24.492986748832923,0.066,4.256,7626.344
4.206311583471967,0.0645171425098918,24.488522489143133,0.066,4.256,7629.25
4.206441548196815,0.070328767478695,24.491749011815006,0.066,4.256,7632.156
4.205986552873921,0.0675126762837219,24.484468400899647,0.066,4.256,7635.062
4.206410343745369,0.0685060735600494,24.494034225730974,0.066,4.256,7637.969
4.2064193907407725,0.0652974702855547,24.49471533715357,0.066,4.256,7640.875
4.206364593888986,0.0731284652297139,24.49000814050913,0.066,4.256,7643.781
4.206363708877381,0.0701381056097759,24.491934351882605,0.066,4.256,7646.687
4.206498157388228,0.0667401311300115,24.496427923588247,0.066,4.256,7649.594
4.206386230385135,0.0701891089966902,24.500887387630733,0.066,4.256,7652.5
4.206492239237409,0.0706277052872684,24.49298106409625,0.066,4.256,7655.422
4.206394747754485,0.0658506908952694,24.49186462743477,0.066,4.256,7658.328
4.206645736135038,0.0655977229230304,24.494262121138373,0.066,4.256,7661.234
4.205379250617336,0.0579698782423476,24.487936821179005,0.057,4.25,7664.172
4.205436508892562,0.0591510686839275,24.490844412702423,0.057,4.25,7667.078
4.20542943318388,0.0600991286825763,24.492448269781278,0.057,4.25,7669.984
4.205432818401107,0.0599667652477272,24.48489690730084,0.057,4.25,7672.875
4.205615280809673,0.0577999128661084,24.48938666762307,0.057,4.25,7675.781
4.205649859640126,0.0565022497293446,24.487510702846443,0.058,4.25,7678.687
4.205377123490299,0.0573398244117353,24.4928269908138,0.057,4.25,7681.594
4.205398671462114,0.0610502635361705,24.498073322327997,0.057,4.25,7684.5
4.20526065895143,0.0582794715988009,24.495008517307987,0.058,4.25,7687.406
4.205471136558403,0.0560832073708434,24.49354270464659,0.058,4.25,7690.312
4.205655775517225,0.0599443578829698,24.493562948226614,0.058,4.25,7693.219
4.205537225710128,0.0601093314061138,24.48751834115512,0.058,4.25,7696.156
4.205373247617136,0.0588567334236947,24.487397657914364,0.057,4.25,7699.062
4.205429718925631,0.0591867571528312,24.48755155808332,0.058,4.25,7701.969
4.20533333407593,0.0589846399816433,24.486010717189867,0.057,4.25,7704.875
4.205373623503956,0.057890631887602,24.4915588786076,0.058,4.25,7707.781
4.20561621467532,0.0605580309465626,24.48543129850304,0.058,4.25,7710.687
4.205304900341771,0.0562242133974728,24.48399635733448,0.057,4.25,7713.594
4.205450496955409,0.0571521460549948,24.482879134436374,0.058,4.25,7716.5
4.2054349571844245,0.0588390187069965,24.48425089270269,0.058,4.25,7719.406
4.20537956711209,0.0554249218676281,24.47640820770693,0.058,4.25,7722.312
4.20561088401806,0.0580946128536314,24.48686069247203,0.058,4.25,7725.219
4.205303278423213,0.0593115697718421,24.48391531526529,0.058,4.25,7728.125
4.205295468693043,0.060474215622965,24.480682995481207,0.057,4.25,7731.047
4.205017226239462,0.0598549426704502,24.477914552142497,0.057,4.25,7733.937
4.205339570187394,0.0616399935184188,24.490818363930725,0.057,4.25,7736.859
4.2049789024029725,0.0574603433993849,24.4803117482304,0.057,4.25,7739.765
4.205256111739913,0.0579740384246966,24.47716720221125,0.058,4.25,7742.672
4.205138391151617,0.0562261050995738,24.479452908815222,0.057,4.25,7745.578
4.205333688350075,0.0557778658854545,24.47932394042466,0.057,4.25,7748.484
4.205307612170407,0.0594457941020336,24.480708221288253,0.058,4.25,7751.39
4.205590178992892,0.060415565165719,24.472828576978543,0.057,4.25,7754.297
4.205413211619451,0.0609817610654384,24.48010109586042,0.057,4.25,7757.187
4.205298164640037,0.0586505993748259,24.476239133054737,0.057,4.25,7760.094
4.2054540321659415,0.0575495078020722,24.472566927292984,0.058,4.25,7763.0
4.205597990718555,0.055897551135564,24.476392181689807,0.057,4.25,7765.906
4.205423839158135,0.0575601569194559,24.476493882736737,0.057,4.25,7768.812
4.205436319889012,0.0549735668916631,24.47086415034257,0.057,4.25,7771.719
4.205201155095553,0.0596148256896957,24.482547518591183,0.057,4.25,7774.625
4.205586309456684,0.0613266784992961,24.477505461012317,0.057,4.25,7777.531
4.205445011927118,0.0607536387828529,24.477626496007204,0.057,4.25,7780.437
4.205495127242693,0.0586688573024405,24.46269213555936,0.057,4.25,7783.344
4.205322519735632,0.0563560870984332,24.47237173953945,0.058,4.25,7786.25
4.205309713193379,0.0547565256228864,24.46612673089949,0.057,4.25,7789.156
4.205370848347038,0.0563496665316863,24.46580331352452,0.057,4.25,7792.062
4.2054442785523705,0.0573420273326091,24.46413104088658,0.057,4.25,7794.984
4.205723076736623,0.0563736323336619,24.46191443598824,0.057,4.25,7797.89
4.205150251142355,0.0575805951074664,24.46120867838767,0.057,4.25,7800.797
4.205221481142532,0.0561382821823395,24.47274854000285,0.057,4.25,7803.703
4.205395661321302,0.0563003341513954,24.464450683659877,0.057,4.25,7806.609
4.20534132089302,0.0559370970506895,24.46674880302401,0.057,4.25,7809.515
4.20568410468486,0.0577943106193353,24.46757170305121,0.057,4.25,7812.422
4.20559802149745,0.0607191543915669,24.468084386784632,0.057,4.25,7815.328
4.205518101426067,0.0598271558484348,24.47042554033391,0.057,4.25,7818.234
4.205604864394783,0.057757865115876,24.45322541329186,0.057,4.25,7821.14
4.2053714637245045,0.0556249473786078,24.46657646413382,0.057,4.25,7824.047
4.205230631533442,0.0536033546064754,24.461231584697156,0.057,4.25,7826.969
4.205857794292008,0.0591828037766446,24.46278499654899,0.057,4.25,7829.875
4.205651176139484,0.0589486982321006,24.461893186409167,0.057,4.25,7832.781
4.205642743210153,0.055484877599827,24.461183357029807,0.057,4.25,7835.687
4.205498797331861,0.0591946792051515,24.46771459663812,0.057,4.25,7838.609
4.205708158167814,0.0593817089122184,24.46605161893807,0.057,4.25,7841.515
4.205415959756991,0.0561171050497471,24.46839901027916,0.057,4.25,7844.422
4.205684441384366,0.0589512949893313,24.465488932553605,0.057,4.25,7847.328
4.205856892537678,0.0590126855029357,24.46080814733915,0.057,4.25,7850.234
4.205438646373287,0.0535030569258678,24.4546347840976,0.057,4.25,7853.14
4.2055761432602745,0.0544401394859739,24.453949686773605,0.057,4.25,7856.047
4.205526245340553,0.0562346198502615,24.459368366310784,0.057,4.25,7858.969
4.205832859792596,0.0591366896437909,24.46083100952784,0.057,4.25,7861.875
4.205776093421679,0.0579382772042357,24.46312498279846,0.057,4.25,7864.781
4.205596113997133,0.0570712965070007,24.46267133121164,0.057,4.25,7867.687
4.205398977657296,0.0565511038437026,24.459007391602448,0.057,4.25,7870.594
4.205566372792439,0.0584579088531388,24.46522063964589,0.057,4.25,7873.5
4.205779522192766,0.0610059381770405,24.463243425188256,0.057,4.25,7876.406
4.205705955807469,0.0580419807850569,24.4536191295495,0.057,4.25,7879.312
4.206104337117815,0.0626797656801755,24.46481163595513,0.057,4.25,7882.219
4.205795334043638,0.0588533643253604,24.46870957436265,0.057,4.25,7885.125
4.205714088471545,0.0588585676737006,24.472024929807016,0.057,4.25,7888.031
4.205754235656406,0.0564900808281585,24.465388971925837,0.057,4.25,7890.953
4.205807224974749,0.0589876676620363,24.4618038513396,0.057,4.25,7893.859
4.20595541718796,0.057797890682309,24.468595544409865,0.057,4.25,7896.765
4.205770889797479,0.0545994237942095,24.45777796917562,0.057,4.25,7899.672
4.2058620940174745,0.0557288582305403,24.46784532031033,0.057,4.25,7902.594
4.205552117354042,0.0591717533524986,24.460671517197152,0.057,4.25,7905.484
4.2057313701644485,0.0579558169755061,24.45378930609746,0.057,4.25,7908.39
4.205606526475851,0.0601627160779836,24.45591563495307,0.057,4.25,7911.297
4.205671404535213,0.0623672432665424,24.457112211487125,0.057,4.25,7914.203
4.205949998224401,0.0600425436321225,24.451988363966912,0.057,4.25,7917.109
4.205932448218875,0.058730829691202,24.451199031200733,0.057,4.25,7920.015
4.20570434079157,0.0586020800889911,24.444729993636106,0.057,4.25,7922.937
4.20598439971177,0.0589682085632487,24.44664917609358,0.057,4.25,7925.844
4.2061498179767085,0.0602629377193134,24.454361808543577,0.057,4.25,7928.75
4.206031281330604,0.0588750085809594,24.448645152609707,0.057,4.25,7931.656
4.205714524143331,0.0586025330273988,24.443787373729997,0.057,4.25,7934.562
4.205782746702037,0.0566386413806788,24.454271725855403,0.057,4.25,7937.469
4.206078031062132,0.0596834905263503,24.451983450960995,0.057,4.25,7940.375
4.205781591971149,0.057140065327739,24.458317724894187,0.057,4.25,7943.281
4.205959128221006,0.0602344354881413,24.457940085054684,0.057,4.25,7946.172
4.206041567357761,0.058057323367349,24.4546880707819,0.057,4.25,7949.078
4.206247362981675,0.0587627016471258,24.455278253926004,0.057,4.25,7951.984
4.206097943598222,0.0588193922078722,24.45490599148785,0.057,4.25,7954.922
4.205685020670843,0.0599613623291865,24.461117028303192,0.057,4.25,7957.828
4.205969899524624,0.0561703273523143,24.45028014718816,0.057,4.25,7960.734
4.205954410518125,0.0568844303212557,24.45160167121768,0.057,4.25,7963.64
4.205783743988337,0.0580486464159795,24.454984919378468,0.057,4.25,7966.531
4.205907069888986,0.0573964620156994,24.45148103218188,0.057,4.25,7969.437
4.205710255028937,0.0557572962671279,24.44554490668614,0.057,4.25,7972.344
4.205885908669988,0.0591098250052877,24.45000249674554,0.057,4.25,7975.25
4.205818735258959,0.0580378887490586,24.45276867317883,0.057,4.25,7978.156
4.205914012873534,0.0586064911324682,24.45270191446693,0.057,4.25,7981.062
4.205909615621355,0.0570974475897071,24.45133934893753,0.057,4.25,7983.969
4.206110180681887,0.0576400171318382,24.453542036511827,0.055,4.25,7986.906
4.206166037514459,0.056225391891245,24.458919618091823,0.057,4.25,7989.797
4.205898286107442,0.0550408049184914,24.45628609191468,0.055,4.25,7992.703
4.205953390176575,0.0598657374262496,24.453416761215323,0.057,4.25,7995.609
4.206067711871183,0.0559080005150462,24.453062511031643,0.057,4.25,7998.515
4.206212285652399,0.0589581952167432,24.449615698774352,0.055,4.25,8001.422
4.206298768769161,0.0586987671322768,24.454634980183272,0.057,4.25,8004.328
4.206286129048499,0.0563838972008889,24.449188204047516,0.055,4.25,8007.234
4.206074933506651,0.0555703339072941,24.44940808754875,0.055,4.25,8010.14
4.206231252936664,0.0555955174116895,24.45005049979577,0.057,4.25,8013.047
4.206028843339396,0.0552984478750633,24.451245953372457,0.055,4.25,8015.937
4.206135315101995,0.0585445233309817,24.45093556920967,0.057,4.25,8018.844
4.206087079778991,0.0551331591577105,24.44666512813904,0.057,4.25,8021.765
4.205939030353533,0.0569575713909506,24.443864289973902,0.055,4.25,8024.672
4.206383604582334,0.0567910271645625,24.448459946861718,0.055,4.25,8027.578
4.206117436054766,0.0542682461045825,24.43645478563681,0.055,4.25,8030.484
4.206138485244755,0.0573392363340515,24.442011747312783,0.055,4.25,8033.375
4.206164604496935,0.0596347950119579,24.446880727758938,0.055,4.25,8036.281
4.206383372419746,0.0557576638680255,24.445484006703765,0.055,4.25,8039.187
4.206075537398675,0.0598926909051133,24.45011707792786,0.055,4.25,8042.094
4.206235796869019,0.0625612661375438,24.443231742096465,0.055,4.25,8045.0
4.2060204926354565,0.0582365450401898,24.4470587464097,0.055,4.25,8047.906
4.206121680960114,0.0567500586848773,24.443886675438545,0.055,4.25,8050.812
4.206089173854168,0.0551129890811656,24.44326428244757,0.055,4.25,8053.734
4.2061746789762,0.0557625962814356,24.447493195467857,0.055,4.25,8056.625
4.2060942609692,0.056373165524471,24.437524770242646,0.055,4.25,8059.531
4.206281485414288,0.0575164404657391,24.446057845027887,0.055,4.25,8062.437
4.206308858326,0.0542366666526411,24.439250660631878,0.055,4.25,8065.344
4.205974633720719,0.0581327554221189,24.44175365192224,0.055,4.25,8068.25
4.206370389359761,0.0552117627676848,24.441411522155715,0.055,4.25,8071.156
4.206099775177732,0.0579393434660388,24.439555509570727,0.055,4.25,8074.062
4.2063112380176655,0.0592166262964475,24.44147523111776,0.055,4.25,8076.953
4.206294084144261,0.056867025030277,24.445001355602702,0.055,4.25,8079.859
4.20641161620602,0.0553118495033096,24.43601329070178,0.055,4.25,8082.765
4.206353918580547,0.0569376608289576,24.43915057179418,0.055,4.25,8085.687
4.206346868472065,0.0543533070587009,24.440965219233288,0.055,4.25,8088.594
4.206341300603512,0.0570646336140727,24.44169390360891,0.055,4.25,8091.5
4.206183643079047,0.0576102374621777,24.44686857378628,0.055,4.25,8094.406
4.206362490826276,0.0559686203062813,24.4367398280033,0.055,4.25,8097.312
4.20640864053839,0.0553793043997629,24.44206712071463,0.055,4.25,8100.219
4.206563023040048,0.0576786268786476,24.43762788868198,0.055,4.25,8103.125
4.205385299497438,0.0474132885711261,24.43813818497833,0.046,4.245,8106.047
4.205473702210666,0.0471110779638324,24.43301616403837,0.046,4.245,8108.953
4.205440222364657,0.0479282455623345,24.42891806567155,0.046,4.245,8111.859
4.205386611456724,0.0481011484010893,24.433870386175897,0.046,4.245,8114.765
4.205584003525267,0.0488924765370853,24.43074259335709,0.046,4.245,8117.672
4.205158761123728,0.0487186540273992,24.434937201123816,0.046,4.245,8120.578
4.205346031964526,0.0466497310479577,24.43278568787859,0.046,4.245,8123.484
4.205401461550467,0.0463604443691404,24.437069433033944,0.046,4.245,8126.39
4.205487046988544,0.0505497781827917,24.43584696471594,0.046,4.245,8129.297
4.205725702632436,0.0481227412747836,24.427886205200576,0.046,4.245,8132.219
4.205397289977531,0.0505672076444117,24.434528030012284,0.046,4.245,8135.125
4.205371890984327,0.0489756874768984,24.43154816887808,0.046,4.245,8138.047
4.205424363861137,0.0442196507558369,24.422870264025267,0.046,4.245,8140.953
4.205404092028892,0.0499066312264864,24.429857905942043,0.046,4.245,8143.859
4.205253282238767,0.0489856456654203,24.43321873405133,0.046,4.245,8146.765
4.205516053916988,0.0491438610281424,24.42920047099828,0.046,4.245,8149.687
4.205232190336295,0.0470522881037892,24.429431249941462,0.046,4.245,8152.594
4.205318136574111,0.0450403877158469,24.43312439812184,0.046,4.245,8155.5
4.205436469022881,0.0454481229430462,24.43788910859507,0.046,4.245,8158.406
4.205348393543879,0.0472783532848823,24.436695293027864,0.046,4.245,8161.312
4.205261365608597,0.0465458627968062,24.424227802047056,0.046,4.245,8164.219
4.205194672074112,0.0472893440639285,24.43204666523418,0.046,4.245,8167.125
4.205553896362462,0.0457893764102109,24.43599266389776,0.046,4.245,8170.031
4.205290447521164,0.0479479509001578,24.42297239865931,0.046,4.245,8172.937
4.205550328745383,0.0479140895631523,24.42497806207065,0.046,4.245,8175.844
4.205359052713374,0.0487584524165244,24.43218622073628,0.046,4.245,8178.75
4.20537879922408,0.0479472603305283,24.426795977452567,0.046,4.245,8181.656
4.205558544476816,0.0469343168122897,24.42400299070897,0.046,4.245,8184.562
4.205222512755556,0.047832421568968,24.42889622081258,0.046,4.245,8187.469
4.205254665575106,0.0472513868227812,24.424622517022616,0.046,4.245,8190.375
4.205387210161272,0.0462217714878931,24.425107048342063,0.046,4.245,8193.281
4.205214968391807,0.0476579296434143,24.424732428053797,0.046,4.245,8196.187
4.205200870953905,0.0461213480123885,24.42397519787022,0.046,4.245,8199.094
4.205315282542928,0.0495875020597495,24.432494835365063,0.046,4.245,8202.015
4.205454706882837,0.0446393248002106,24.42240680536782,0.046,4.245,8204.922
4.20543582839144,0.0447127738832316,24.42050307988572,0.046,4.245,8207.844
4.205260742096338,0.048274577738628,24.422675401653407,0.046,4.245,8210.75
4.205175401958715,0.0474809633377429,24.416665132575325,0.046,4.245,8213.656
4.205435409998509,0.0438790488424888,24.418984394794105,0.046,4.245,8216.562
4.20546109532116,0.0468920463566205,24.418548206128666,0.046,4.245,8219.469
4.205392940854707,0.0475487655397795,24.419142978025025,0.046,4.245,8222.375
4.205493124495239,0.0472274520514622,24.41916442269412,0.046,4.245,8225.281
4.205318976259674,0.0477247877621051,24.41913064637497,0.046,4.245,8228.187
4.205452719933981,0.0514568884348631,24.42069397461664,0.046,4.245,8231.094
4.205335998283682,0.0465036073625414,24.41752205357581,0.046,4.245,8234.0
4.205517147124128,0.0478755230872172,24.42535804450968,0.046,4.245,8236.922
4.205474032793869,0.0490722880721152,24.411615002921497,0.046,4.245,8239.828
4.205700192372914,0.0492216698424932,24.41581088210758,0.046,4.245,8242.734
4.205555301470926,0.0469793856488141,24.417570064784503,0.046,4.245,8245.64
4.205315081498379,0.0467674295894469,24.41943119961641,0.046,4.245,8248.547
4.205498527076251,0.0496256445346468,24.41857350978228,0.046,4.245,8251.453
4.205595491380501,0.0478584010087325,24.4155129337852,0.046,4.245,8254.359
4.20529352169529,0.0477801474067269,24.418384612103697,0.046,4.245,8257.265
4.205167758893674,0.0486491655174325,24.41444091481672,0.046,4.245,8260.172
4.205386433207984,0.0490232797816615,24.41618990273783,0.046,4.245,8263.078
4.205502895328849,0.0484552640195884,24.41935057303454,0.046,4.245,8265.984
4.205607068383072,0.0482935631493485,24.42046637044425,0.046,4.245,8268.906
4.205414145494486,0.047563312926433,24.430821470198357,0.046,4.245,8271.812
4.20534656438236,0.0467651818808352,24.42844595402749,0.046,4.245,8274.719
4.205503269859831,0.0501966858022246,24.429912301691058,0.046,4.245,8277.625
4.205285003681483,0.0479223037907398,24.42805879886365,0.046,4.245,8280.531
4.205202292867279,0.0468910012961358,24.426421490117043,0.046,4.245,8283.437
4.205374691965948,0.0465430764382274,24.423259643988263,0.046,4.245,8286.344
4.205524739017544,0.0477775943648969,24.422176950798637,0.046,4.245,8289.25
4.205724516875763,0.0439602302373129,24.41608438341829,0.046,4.245,8292.156
4.205353097761014,0.0486089472104136,24.417162722412677,0.046,4.245,8295.062
4.205653408376772,0.045389110149806,24.41982283199868,0.046,4.245,8297.969
4.205344298817217,0.0489414451137123,24.412068631403027,0.046,4.245,8300.89
4.205365305915205,0.0463919722475395,24.413515087303907,0.046,4.245,8303.797
4.205541768256489,0.0480784459377017,24.406656444672706,0.046,4.245,8306.703
4.205717433487793,0.0459482541945627,24.410344601890184,0.046,4.245,8309.609
4.205435767478769,0.0454683164963632,24.414138715602405,0.046,4.245,8312.515
4.205564737649736,0.0480784472924284,24.41305290262832,0.046,4.245,8315.437
4.205554842827115,0.0457594205039527,24.41514339643378,0.046,4.245,8318.344
4.205475882018633,0.0498029693869006,24.41357567436303,0.046,4.245,8321.25
4.205309486411752,0.0468106414424897,24.416290256944123,0.046,4.245,8324.156
4.205509867878845,0.0481835580668942,24.41049390994077,0.046,4.245,8327.062
4.205642610056085,0.0452952427370888,24.41543451838985,0.046,4.245,8329.969
4.205580361996382,0.0430234855756652,24.422218752051897,0.046,4.245,8332.89
4.205673895489444,0.0480309800051509,24.411919606967984,0.046,4.245,8335.797
4.205431752668576,0.0472136920702848,24.412977473852543,0.046,4.245,8338.703
4.205487349911584,0.0489504194264355,24.42479040577067,0.046,4.245,8341.609
4.205456332661461,0.0473522539297745,24.421466260417827,0.046,4.245,8344.515
4.205621894709373,0.0476450727487832,24.41833708647401,0.046,4.245,8347.422
4.205538867539641,0.0468235432785762,24.416884550333528,0.046,4.245,8350.328
4.205817528039383,0.049025570459143,24.4067828846007,0.046,4.245,8353.234
4.205638032242716,0.0471135038748773,24.419085651999637,0.046,4.245,8356.156
4.205583867090113,0.0456416261221546,24.414623436121268,0.046,4.245,8359.062
4.205557781768396,0.0457017169006847,24.413571302638424,0.046,4.245,8361.969
4.205595582604227,0.0460664392362274,24.417189589246192,0.046,4.245,8364.875
4.205545537008759,0.0500753806829689,24.42011909134526,0.046,4.245,8367.797
4.2056779718804895,0.0478343262382299,24.41213975574925,0.046,4.245,8370.703
4.205770376434312,0.0507981025690815,24.415386559167413,0.046,4.245,8373.609
4.205728450309692,0.0431922389212791,24.411839924569573,0.046,4.245,8376.515
4.205693105787415,0.0455964858829585,24.409040321411847,0.046,4.245,8379.422
4.205661240104317,0.0474459688076493,24.411291658324792,0.046,4.245,8382.328
4.205683683349739,0.0450556349488138,24.413342438571902,0.046,4.245,8385.234
4.205760775160794,0.0468034936220781,24.414488421985197,0.046,4.245,8388.14
4.205753683724613,0.0444811082672162,24.416047658473374,0.046,4.245,8391.047
4.20560854040597,0.044592967754281,24.41515323058187,0.046,4.245,8393.953
4.205719741722875,0.0438447523831967,24.413581339523407,0.046,4.245,8396.89
4.205810333676096,0.0481907814334692,24.41206274318922,0.046,4.245,8399.797
4.205595583939608,0.0446994364377576,24.41668915813628,0.046,4.245,8402.703
4.205584085439029,0.0492862425465968,24.413075419731463,0.046,4.245,8405.609
4.205608747321635,0.0451217075395984,24.40882089472546,0.046,4.245,8408.515
4.205744867739298,0.0448272143241259,24.41532047788497,0.046,4.245,8411.422
4.205741126942574,0.0448754968195146,24.416151111445465,0.046,4.245,8414.328
4.205787403763591,0.0506811252838208,24.40957087739837,0.046,4.245,8417.234
4.205863511940394,0.0470329057895182,24.411769301592088,0.046,4.245,8420.14
4.2054199188923445,0.0461881408122543,24.40864739840525,0.046,4.245,8423.062
4.205931291752924,0.0511566275851499,24.409845532228417,0.046,4.245,8425.969
4.205714308694057,0.0466281013391154,24.407410450444363,0.046,4.245,8428.89
4.205494832849013,0.0450684137750812,24.409340857085866,0.046,4.245,8431.797
4.20585925592076,0.0457356526358967,24.404882078428763,0.046,4.245,8434.703
4.205833757380536,0.0470308060490005,24.400855246690057,0.046,4.245,8437.609
4.205824454092669,0.0470369192884756,24.40317442269169,0.046,4.245,8440.531
4.205822021924553,0.0463728332793893,24.401743171102854,0.046,4.245,8443.437
4.2055161379058354,0.0419000398607149,24.400399208263668,0.046,4.245,8446.344
4.205932561769157,0.0471017773665588,24.4052657952058,0.046,4.245,8449.25
4.205910265716246,0.0470515870573637,24.402427690140343,0.046,4.245,8452.156
4.205968482934195,0.0470578432662808,24.40599082617444,0.046,4.245,8455.062
4.205992080501772,0.0483569973671089,24.398449104701385,0.046,4.245,8457.984
4.205830148716433,0.0458039527112413,24.399086843015063,0.046,4.245,8460.89
4.205921794011946,0.0454395317278358,24.40632023337673,0.045,4.245,8463.797
4.205815330707737,0.0488838487900474,24.404074569651577,0.046,4.245,8466.703
4.205722484287738,0.0475037476180251,24.4153808785553,0.046,4.245,8469.609
4.2058660299722455,0.0448461194840085,24.40757790023165,0.046,4.245,8472.515
4.206071025835835,0.0463816534351476,24.4126760470071,0.046,4.245,8475.422
4.205896193201887,0.0492514629689447,24.408850026869374,0.045,4.245,8478.328
4.206009732554682,0.0472794913240124,24.409079066786003,0.046,4.245,8481.234
4.206058246982614,0.0454806792911307,24.40168810508275,0.045,4.245,8484.156
4.206101878490343,0.0477717304017058,24.408705641744632,0.045,4.245,8487.062
4.205778551429286,0.0455454514563581,24.40752086710205,0.045,4.245,8489.969
4.205977670999239,0.0471209724546784,24.401148363313634,0.046,4.245,8492.875
4.205828674345612,0.0476393268277824,24.401634202562757,0.045,4.245,8495.797
4.205846951427861,0.0431114600172324,24.40173234697948,0.045,4.245,8498.703
4.206120437850268,0.0469615810151184,24.40646049147471,0.045,4.245,8501.609
4.205762875325229,0.0466920431820882,24.408027123724487,0.045,4.245,8504.515
4.20608426926634,0.0461285694736389,24.40275930268783,0.045,4.245,8507.422
4.206143859060501,0.0419322334201382,24.39936160249078,0.045,4.245,8510.328
4.205798777355451,0.0470646015332422,24.397950661069423,0.045,4.245,8513.25
4.2060235454685495,0.0479005972541817,24.405420840556047,0.046,4.245,8516.156
4.205874651749627,0.0445257454268615,24.394362237627337,0.046,4.245,8519.062
4.205911089789789,0.0462372299933122,24.3968243023351,0.045,4.245,8521.969
4.205981534317844,0.0451789462999702,24.392127069836665,0.045,4.245,8524.875
4.206332461261892,0.0454726960321055,24.398569966590223,0.045,4.245,8527.797
4.2060328370724855,0.0464376596735629,24.39601157264771,0.045,4.245,8530.703
4.206096510423391,0.0460848971094016,24.395073897830024,0.045,4.245,8533.609
4.206215851727807,0.0466948480301031,24.39861541746723,0.045,4.245,8536.515
4.205969495483397,0.0451316925816914,24.399467903437586,0.045,4.245,8539.422
4.205975556416247,0.0474702164664702,24.38980103282091,0.045,4.245,8542.328
4.206020840044596,0.0456529313676132,24.394731485377907,0.045,4.245,8545.234
4.205980054865566,0.0434421628549064,24.39547379433543,0.045,4.245,8548.14
4.205814079044679,0.0437412679221489,24.40491421100707,0.045,4.245,8551.047
4.205980199631006,0.045429286175924,24.40565044368284,0.045,4.245,8553.953
4.206149226760703,0.046819351470267,24.392493480073824,0.045,4.245,8556.859
4.206314763192593,0.0494491370542157,24.4006403493523,0.045,4.245,8559.765
4.206241508331913,0.0425824578153869,24.39477353579388,0.045,4.245,8562.672
4.206027292524223,0.0445311185658642,24.394409846600563,0.045,4.245,8565.578
4.205995089637524,0.0440532445905691,24.402809908654124,0.045,4.245,8568.5
4.206153715854448,0.0449151262369184,24.397658550301905,0.045,4.245,8571.406
4.206205070982061,0.0458091830017524,24.394535097669376,0.045,4.245,8574.312
4.206240636498915,0.0455685884449977,24.395409396241185,0.045,4.245,8577.234
4.206348263281173,0.0467344302385251,24.39071263815462,0.045,4.245,8580.14
4.206310440207741,0.0457750205640046,24.38914066976959,0.045,4.245,8583.047
4.206141623425834,0.0501678561834829,24.397690814336983,0.045,4.245,8585.953
4.2064101903017415,0.0499590311620906,24.39563622920214,0.045,4.245,8588.859
4.206251779108298,0.0439006015879916,24.38743425587149,0.045,4.245,8591.765
4.206106922893261,0.0470159922784932,24.39294901611877,0.045,4.245,8594.672
4.206358761394613,0.0476248656791686,24.39452101996797,0.045,4.245,8597.578
4.2061848760581695,0.0463985086266578,24.393549725844466,0.045,4.245,8600.484
4.206311036767224,0.0426656945786619,24.3867387909008,0.045,4.245,8603.406
4.206320325424242,0.046382732391924,24.396963440658475,0.045,4.245,8606.312
4.206345121042415,0.0455203368523069,24.402445797047697,0.045,4.245,8609.219
4.206372339022863,0.0452349986466366,24.40372986907951,0.045,4.245,8612.125
4.206106004691603,0.0459923450102381,24.411584406008703,0.045,4.245,8615.031
4.20601097640628,0.0477587410079682,24.399359928470695,0.045,4.245,8617.937
4.206136915096544,0.0422890113949942,24.40078435494106,0.045,4.245,8620.859
4.205956828420483,0.0449356825803339,24.39310965857141,0.045,4.245,8623.765
4.20642729589365,0.045114386992517,24.398829669445178,0.045,4.245,8626.687
4.206132124973904,0.0434413481875398,24.39509215644802,0.045,4.245,8629.594
4.206259373393064,0.044665567989529,24.3974527913644,0.045,4.245,8632.5
4.206509707141195,0.044931884352613,24.39120185065045,0.045,4.245,8635.406
4.206241587059751,0.0447740894676171,24.39296450730989,0.045,4.245,8638.328
4.2064340074929545,0.0458129745088773,24.39024827146593,0.045,4.245,8641.234
4.206282153446286,0.0460559924199415,24.394063120431472,0.045,4.245,8644.14
4.206313956020878,0.0460931633860662,24.394567032454933,0.045,4.245,8647.047
4.206371382903834,0.0442291332127551,24.39110479867582,0.045,4.245,8649.953
4.2061990576764,0.044826327754632,24.384643931822943,0.045,4.245,8652.859
4.20646784058941,0.0478718229106739,24.39383592439452,0.045,4.245,8655.781
4.206184763177146,0.0466010865683088,24.391266850676164,0.045,4.245,8658.687
4.206358405228734,0.0413897050838358,24.383713045129387,0.045,4.245,8661.594
4.206143352467459,0.0437130295402638,24.394853826283757,0.045,4.245,8664.5
4.206195102569677,0.0460439721670614,24.389556971253555,0.045,4.245,8667.406
4.206330615056046,0.0432287135816624,24.38684895453844,0.045,4.245,8670.312
4.20616849352503,0.0454721139465727,24.376238972539262,0.045,4.245,8673.219
4.206267929739999,0.0468661866003702,24.384550189864942,0.045,4.245,8676.125
4.206426420083326,0.0471293459297967,24.38382554392786,0.045,4.245,8679.047
4.206518744535835,0.0446270224473514,24.3821419857759,0.045,4.245,8681.953
4.206452292448891,0.0474572983337984,24.390523982749084,0.045,4.245,8684.859
4.206452473027698,0.0456131676941099,24.382997317560868,0.045,4.245,8687.797
4.206564414795506,0.0477246670547938,24.384984284407672,0.045,4.245,8690.703
4.205557664779912,0.0349501862847866,24.389397223739188,0.034,4.24,8693.64
4.205506929635531,0.0359808245575934,24.38913153375157,0.034,4.24,8696.531
4.205376410339762,0.0340834882092489,24.38571474512989,0.034,4.24,8699.453
4.20538964006967,0.0346331911784731,24.38135671434458,0.034,4.24,8702.515
4.205371773152017,0.0382316642758766,24.388445248405667,0.035,4.24,8705.515
4.205099679996184,0.0380913811444051,24.384178017615888,0.034,4.24,8708.547
4.205260761457508,0.0366339718325489,24.38152021583159,0.034,4.24,8711.469
4.205508390044837,0.0356640426588868,24.374369954139784,0.035,4.24,8714.437
4.205292862393428,0.0343082873874874,24.3786912885774,0.034,4.24,8717.344
4.205293753194162,0.0349902066200835,24.384340877210548,0.035,4.24,8720.265
4.20550390585526,0.0385895331606939,24.37866725767757,0.035,4.24,8723.234
4.205316071316855,0.0374114986376372,24.38151552674639,0.035,4.24,8726.203
4.205542753212899,0.0390152674339096,24.378889498258467,0.035,4.24,8729.172
4.205248122128479,0.0373427170928529,24.37866099433256,0.035,4.24,8732.078
4.205517912521604,0.0345900387765895,24.380404444793022,0.035,4.24,8735.0
4.205180116732052,0.0352346217682953,24.37811749393628,0.035,4.24,8737.922
4.205161432092765,0.0353361281382718,24.38472533510078,0.035,4.24,8740.828
4.205498767203324,0.0391221493912326,24.372731860693676,0.035,4.24,8743.75
4.205133828427269,0.037796742460275,24.379718025180903,0.035,4.24,8746.672
4.2054213401290506,0.0393452812374818,24.373309629380003,0.035,4.24,8749.594
4.20555328619851,0.0378918780048288,24.371522143244064,0.035,4.24,8752.515
4.205184345573103,0.0342906366941413,24.37502671969609,0.035,4.24,8755.437
4.205435131038207,0.0348779982399071,24.370947638484587,0.035,4.24,8758.344
4.205492460378868,0.0359040962861198,24.37345486846641,0.035,4.24,8761.281
4.205100710079009,0.0384300959893272,24.37527346483308,0.035,4.24,8764.203
4.204918315299467,0.0345535396072783,24.37365457194593,0.035,4.24,8767.125
4.205200134904516,0.0359882542146467,24.385287224283807,0.035,4.24,8770.031
4.2050277637019295,0.0340979049779834,24.38137672266528,0.035,4.24,8772.953
4.205433733529982,0.0347311964858899,24.382687295534563,0.035,4.24,8775.89
4.205166957841372,0.0324557620388093,24.38210367207725,0.035,4.24,8778.797
4.205231885082473,0.03427100756022,24.383129788983183,0.035,4.24,8781.703
4.2054030719184174,0.0340584245456027,24.37646189566842,0.035,4.24,8784.609
4.20523296089076,0.0373133095663223,24.383365576165723,0.035,4.24,8787.515
4.205212818512848,0.0358886520847528,24.38104636359768,0.035,4.24,8790.406
4.205370849083804,0.0325907752643888,24.379297881223327,0.035,4.24,8793.328
4.205248409038061,0.0359021997473148,24.37379781978393,0.035,4.24,8796.234
4.205231127192431,0.0354861054545434,24.36796451982221,0.035,4.24,8799.14
4.205340763591208,0.0346461064673976,24.37198330131969,0.035,4.24,8802.047
4.205410942127093,0.0367545758134746,24.375790605958805,0.035,4.24,8804.953
4.205194748481038,0.0337833405357253,24.37900921197645,0.035,4.24,8807.859
4.205377010586536,0.0341706279753985,24.383315632905013,0.035,4.24,8810.765
4.205472983982142,0.0340289717888822,24.375930395504135,0.035,4.24,8813.672
4.205446213783023,0.0338308378825769,24.3760843969044,0.035,4.24,8816.578
4.205353955124963,0.03385228740208,24.374097025578468,0.035,4.24,8819.469
4.205138580382887,0.0377238785766295,24.385751762725405,0.035,4.24,8822.375
4.2051995555255735,0.0348544169490808,24.382075656378856,0.035,4.24,8825.312
4.205565530505805,0.0372651885361133,24.38136958635204,0.035,4.24,8828.219
4.205259079083915,0.0336336207189893,24.377729924818205,0.035,4.24,8831.125
4.205395549588673,0.0352094767615977,24.38144777682322,0.035,4.24,8834.031
4.205337431796374,0.0336412009667692,24.373677495251677,0.035,4.24,8836.922
4.205481281937971,0.0331588712877932,24.381170304820127,0.035,4.24,8839.828
4.205460762259277,0.0377002337399224,24.37520214563478,0.035,4.24,8842.734
4.205181459580742,0.0343985888914135,24.373691147604703,0.035,4.24,8845.64
4.205177919724262,0.0348917858160969,24.3772143168706,0.035,4.24,8848.547
4.205270369221939,0.0381047202034798,24.3744695575554,0.035,4.24,8851.453
4.2053230428256265,0.0378998272906291,24.37834933291883,0.035,4.24,8854.359
4.20525347746888,0.0359278606851452,24.37285445701789,0.035,4.24,8857.297
4.2052337520284055,0.0357515673415387,24.378268730887925,0.035,4.24,8860.187
4.205198092103228,0.0328991290225664,24.37965416188356,0.035,4.24,8863.094
4.205260259244377,0.0342540678598163,24.3795519927904,0.035,4.24,8866.0
4.205234583397388,0.0371716786188798,24.372693551726268,0.035,4.24,8868.906
4.205297491729617,0.0350182431836314,24.37148281466451,0.035,4.24,8871.812
4.205418905847272,0.0355791779546126,24.37592612492323,0.035,4.24,8874.719
4.205391455791298,0.0357288371097488,24.37808237282588,0.035,4.24,8877.625
4.205368272942987,0.0343729535265076,24.36871195670064,0.035,4.24,8880.531
4.205358885187807,0.0345799418451292,24.371931851777664,0.035,4.24,8883.437
4.205138748602708,0.035130141776255,24.370792643802087,0.035,4.24,8886.344
4.205449803572488,0.0367287682701589,24.371282734377253,0.035,4.24,8889.25
4.205193579428879,0.0348072684111551,24.36322503150804,0.035,4.24,8892.156
4.20526979560141,0.0344735923768054,24.36998932719725,0.035,4.24,8895.062
4.205336993987686,0.0359795529233906,24.36558678625944,0.035,4.24,8897.969
4.205372588011458,0.03569812756513,24.37259288864121,0.035,4.24,8900.875
4.205493894505254,0.0362899803966838,24.364309654887524,0.035,4.24,8903.781
4.205482720092518,0.0334548922971691,24.36712558218038,0.035,4.24,8906.687
4.205467919067497,0.0371891253496886,24.36585206790092,0.035,4.24,8909.594
4.205484100772135,0.0336496605353755,24.36580124144657,0.035,4.24,8912.5
4.205436314885595,0.0363616305120704,24.36974017093864,0.035,4.24,8915.406
4.205287190061948,0.0343734425105706,24.371837840435724,0.035,4.24,8918.312
4.205495374229019,0.0375205062489483,24.37630209122501,0.035,4.24,8921.203
4.205333094662127,0.0368484709153392,24.37049872993989,0.035,4.24,8924.125
4.205504263392503,0.0394092535599686,24.371311689754634,0.035,4.24,8927.031
4.205360188247496,0.0365939193412686,24.364445281626704,0.035,4.24,8929.953
4.205474778522717,0.035815073247127,24.36683071313616,0.035,4.24,8932.922
4.205440216791927,0.0353963437454991,24.364710067194267,0.035,4.24,8935.89
4.205438515997779,0.0366187797394136,24.365376925755204,0.035,4.24,8938.875
4.2051304773731895,0.0328179541044938,24.36348742751077,0.035,4.24,8941.859
4.2054438689622975,0.0372898018261156,24.36445635055866,0.035,4.24,8944.812
4.205580858258239,0.033782873687552,24.358449921332383,0.035,4.24,8947.781
4.205409863130844,0.034793723343834,24.361961362397206,0.035,4.24,8950.703
4.205377822330101,0.0343654704797196,24.361420163746004,0.035,4.24,8953.703
4.205634627831485,0.033334545054443,24.365930774207563,0.034,4.24,8956.625
4.205450395034872,0.0354596081314158,24.365899458366467,0.035,4.24,8959.625
4.205419538220192,0.0377566828381804,24.36871988063248,0.035,4.24,8962.594
4.205186490710026,0.0331145145909714,24.36582434349306,0.035,4.24,8965.625
4.205469429537271,0.0339119352252577,24.363992270440885,0.035,4.24,8968.687
4.205496480277788,0.0368496972002583,24.36855307817166,0.035,4.24,8971.609
4.205367445001199,0.0373976492644201,24.356778655571915,0.035,4.24,8974.531
4.205520879752224,0.0350414402700283,24.37647323438593,0.035,4.24,8977.469
4.205284444093035,0.0341721993431296,24.372053295994487,0.035,4.24,8980.5
4.205482036564133,0.0362702748495945,24.37163127928574,0.034,4.24,8983.5
4.205495833212292,0.0351952906275415,24.365874859811058,0.034,4.24,8986.531
4.205480022941927,0.0366280844529594,24.368378523611952,0.034,4.24,8989.562
4.20542944012973,0.035812875282095,24.365848569096563,0.034,4.24,8992.562
4.205413448676789,0.0365484808281194,24.36824541977993,0.034,4.24,8995.531
4.205322891061084,0.0345101044203037,24.36399365998732,0.035,4.24,8998.562
4.205525162637464,0.0337935199446007,24.36719840487252,0.034,4.24,9001.531
4.2055285626175705,0.0348678589547914,24.376613523276276,0.034,4.24,9004.578
4.205417604387837,0.0358861600649862,24.36467485478651,0.034,4.24,9007.547
4.205606889798212,0.0369294995848624,24.36597954906787,0.034,4.24,9010.515
4.205826537898126,0.0355356431750277,24.357111328889367,0.034,4.24,9013.5
4.205374183586372,0.0349267979823803,24.35561752870526,0.034,4.24,9016.469
4.205239968942943,0.0366665132113556,24.359794344831823,0.034,4.24,9019.422
4.205458281626291,0.0338773856704687,24.355981305961887,0.035,4.24,9022.406
4.205484493953946,0.0348212877723665,24.35007369921281,0.034,4.24,9025.422
4.205465615718591,0.0354461641375806,24.356353802777036,0.034,4.24,9028.39
4.205499535018368,0.0371082500889168,24.353113290594084,0.034,4.24,9031.344
4.205613213766482,0.0354925391818055,24.35522546278296,0.034,4.24,9034.281
4.205535605003513,0.0354215372044934,24.34981071523108,0.034,4.24,9037.203
4.2055051537286925,0.0343619069931634,24.34500131728671,0.034,4.24,9040.109
4.205706429018426,0.0376843426490269,24.36219957544563,0.034,4.24,9043.031
4.205654957936565,0.0359983079981536,24.350580680003123,0.034,4.24,9046.0
4.205585796010987,0.0388509258030267,24.36205434242693,0.034,4.24,9048.922
4.205604039481888,0.037339895445818,24.363546797839103,0.034,4.24,9051.844
4.205606564271185,0.0342381118160295,24.35843544384126,0.034,4.24,9054.75
4.205383894292582,0.0337375981005288,24.36166321074837,0.034,4.24,9057.672
4.205541802687703,0.0331081095626589,24.35606236601705,0.034,4.24,9060.594
4.205402033196455,0.0353237175399432,24.360248110794537,0.034,4.24,9063.5
4.205490629576348,0.0338383967321784,24.34931323192584,0.034,4.24,9066.422
4.2057177005490365,0.0342463788446002,24.358506945982416,0.034,4.24,9069.344
4.205641117495421,0.0354836851539789,24.35821441502828,0.034,4.24,9072.25
4.205479497873362,0.0357474225533798,24.354575141768446,0.034,4.24,9075.172
4.205672367175993,0.0335951296359434,24.35662913319373,0.034,4.24,9078.094
4.205699361528682,0.0367916772419114,24.36043141228245,0.034,4.24,9081.031
4.205466779254633,0.0367254873683677,24.36003403343661,0.034,4.24,9083.953
4.205477736674579,0.0351006695186763,24.354563296494234,0.034,4.24,9086.859
4.205733235482346,0.0358354351115199,24.358422889070127,0.034,4.24,9089.781
4.205562069740847,0.0345252362141944,24.3621106387881,0.034,4.24,9092.703
4.205638709061603,0.0361383188186512,24.355925389979237,0.034,4.24,9095.609
4.205647205299631,0.0330544980910384,24.35804271888645,0.034,4.24,9098.531
4.205427636200253,0.0381201919805892,24.361015178043186,0.034,4.24,9101.453
4.205837753130647,0.0344877516126692,24.35324360503204,0.034,4.24,9104.375
4.205584322383023,0.0339302532089712,24.35877150692857,0.034,4.24,9107.281
4.20563787310264,0.0336502581741353,24.35967399262048,0.034,4.24,9110.203
4.205774553355101,0.0355807083062099,24.36119467176645,0.034,4.24,9113.14
4.205828254745665,0.0368903207022717,24.358269923647335,0.034,4.24,9116.062
4.205683608861119,0.0360915525797444,24.357820124687063,0.034,4.24,9118.969
4.205657530903302,0.0359981251625379,24.35700869734689,0.034,4.24,9121.89
4.205783909569443,0.0373322883200593,24.36237032514802,0.034,4.24,9124.812
4.205708646806808,0.0339667898370141,24.357729737602234,0.034,4.24,9127.734
4.205617647152353,0.0364965304493731,24.362281031847616,0.034,4.24,9130.64
4.205636297181972,0.0344044857136752,24.358332438678453,0.034,4.24,9133.562
4.205430538651895,0.0347630906535728,24.355733881440923,0.034,4.24,9136.484
4.20592535965178,0.0354740143231397,24.358660434393133,0.034,4.24,9139.406
4.205566801562666,0.0347788006624793,24.35857292315031,0.034,4.24,9142.328
4.205931171985346,0.0353730648745565,24.360483929857534,0.034,4.24,9145.265
4.20563909806679,0.0347154200790905,24.35992722883041,0.034,4.24,9148.172
4.205858587312554,0.0347425097085293,24.362728712688384,0.034,4.24,9151.094
4.2058481777258905,0.0347666853456043,24.358588521912463,0.034,4.24,9154.015
4.205822624402542,0.0366969609403956,24.359345566422867,0.034,4.24,9156.922
4.205814352262102,0.0332738376980711,24.3575748191274,0.034,4.24,9159.844
4.205670918817085,0.0335963731366223,24.36374888466536,0.034,4.24,9162.765
4.205816570639167,0.0359903965699035,24.3578380071171,0.034,4.24,9165.672
4.205616235097201,0.0361771043735001,24.35048053840072,0.034,4.24,9168.594
4.205919652157312,0.0347694393810791,24.35342222052365,0.034,4.24,9171.515
4.205701964745354,0.0324494380097932,24.358022223504197,0.034,4.24,9174.437
4.205828635838508,0.0356024088817421,24.359296213852502,0.034,4.24,9177.375
4.205742000093175,0.0309919080824226,24.35284773632958,0.034,4.24,9180.297
4.205826555351833,0.0345199067303172,24.361498005211608,0.034,4.24,9183.203
4.20583060710368,0.0328329392695362,24.35350496137935,0.034,4.24,9186.125
4.2057602415988296,0.0336613371095396,24.353236714232334,0.034,4.24,9189.047
4.205859665860667,0.0344477899617242,24.355161317912145,0.034,4.24,9191.969
4.205631352102283,0.037702142513507,24.355346776178457,0.034,4.24,9194.89
4.205760615330961,0.034962084006023,24.35150142839959,0.034,4.24,9197.812
4.206033369364892,0.0369697064042908,24.35110514650001,0.034,4.24,9200.734
4.205737851549591,0.0368882079684093,24.351461154022655,0.034,4.24,9203.672
4.205832702038981,0.0341652486653568,24.348862948315457,0.034,4.24,9206.562
4.205708911609957,0.031696001878537,24.347295207431152,0.034,4.24,9209.484
4.205927232394884,0.0337630705686809,24.347218130242105,0.034,4.24,9212.39
4.205791605446166,0.0393773282570989,24.349263803024733,0.034,4.24,9215.297
4.20601929989431,0.0343859536748275,24.352773682061457,0.034,4.24,9218.203
4.2058290398737785,0.0341677939474197,24.35454169813235,0.034,4.24,9221.125
4.20567977002525,0.0342939693051042,24.35378379511563,0.034,4.24,9224.031
4.205848342219746,0.0333870269915498,24.35021577789844,0.034,4.24,9226.937
4.2057349964619375,0.0359967547444448,24.349693280622063,0.034,4.24,9229.844
4.205969135662172,0.0337846465843155,24.347846900391215,0.034,4.24,9232.734
4.205857826215545,0.0315721990604724,24.34477741927541,0.034,4.24,9235.64
4.205951888318935,0.0346354451078499,24.349667418689176,0.034,4.24,9238.547
4.205803519716734,0.0345234143734079,24.349653238802283,0.034,4.24,9241.469
4.205889085994499,0.0323155286542094,24.360518997709487,0.034,4.24,9244.359
4.205992907852887,0.0346791527074287,24.358357677770687,0.034,4.24,9247.265
4.2057750824051485,0.0358910775494855,24.34660645545892,0.034,4.24,9250.187
4.205631503039212,0.033312128168659,24.348341824663613,0.034,4.24,9253.094
4.205775659156336,0.034151842439496,24.35266897325562,0.034,4.24,9256.0
4.205823356207229,0.0341268419674069,24.33851411409275,0.034,4.24,9258.906
4.205868549199418,0.0342167581209115,24.34758528792769,0.034,4.24,9261.812
4.205917768424533,0.0325856985103103,24.350034197013404,0.034,4.24,9264.719
4.2061126544049054,0.0310991387855532,24.351339377711867,0.034,4.24,9267.609
4.205949321820573,0.0356769217739911,24.34764970926744,0.034,4.24,9270.515
4.205814885157504,0.0328553835114301,24.351618467655285,0.034,4.24,9273.437
4.2058790778749,0.0319885084156822,24.34435153171757,0.034,4.24,9276.344
4.206027530482866,0.0352890940145561,24.34432329079726,0.034,4.24,9279.25
4.205879332728754,0.034469175936267,24.35449642492149,0.034,4.24,9282.156
4.20612735692146,0.0340581730751883,24.347461345178694,0.034,4.24,9285.047
4.205914832306807,0.0339044058646136,24.34685181030741,0.034,4.24,9287.953
4.205845366054581,0.0349265825984206,24.35060187429822,0.034,4.24,9290.859
4.206114914114425,0.0344439987061154,24.35030248571437,0.034,4.24,9293.765
4.2060635393564745,0.0333602914991719,24.347573531591795,0.034,4.24,9296.672
4.206016487728284,0.0350290835723643,24.3487452014773,0.034,4.24,9299.578
4.206091018381202,0.0340549566726608,24.353131972950816,0.034,4.24,9302.484
4.206132470514291,0.0352317663942857,24.34912262702156,0.034,4.24,9305.406
4.206013532994223,0.0326946673235118,24.34551754668733,0.034,4.24,9308.312
4.206124492555268,0.036403265729537,24.342868232870885,0.034,4.24,9311.219
4.206009153760994,0.0356882506987158,24.345128166756307,0.034,4.24,9314.125
4.205754950833762,0.0326464022833401,24.341043067554093,0.034,4.24,9317.031
4.206003809675624,0.0355294371956822,24.33999751027569,0.034,4.24,9319.922
4.205926879100917,0.0317399093263902,24.34291330594468,0.034,4.24,9322.828
4.206119502301869,0.0344473869241862,24.33342856597613,0.034,4.24,9325.734
4.206140562323881,0.0318667685301641,24.347450908419848,0.034,4.24,9328.64
4.205983280493041,0.0349068331496323,24.34245807903689,0.034,4.24,9331.547
4.206171875810918,0.0316476717685797,24.341633693441327,0.034,4.24,9334.453
4.205984910513958,0.0324366764480835,24.340259811586478,0.034,4.24,9337.375
4.206006723426306,0.0357446871424665,24.35233582732502,0.034,4.24,9340.281
4.206140501977196,0.0353732877056938,24.351570954114504,0.034,4.24,9343.187
4.206017137165409,0.0347220816400415,24.34703891751104,0.034,4.24,9346.094
4.206154337448053,0.0346941070924351,24.34988357336534,0.034,4.24,9349.0
4.206082651091908,0.0340178036080707,24.35259592509905,0.034,4.24,9351.906
4.205823213803232,0.0353076374168267,24.35031164204047,0.034,4.24,9354.75
4.2060772418706485,0.0332395379875965,24.3455835866979,0.034,4.24,9357.609
4.206160318241203,0.0346843007049092,24.359326118540235,0.034,4.24,9360.5
4.20596455416984,0.0345695798935127,24.34941951179393,0.034,4.24,9363.375
4.2060924444568695,0.0345833595387971,24.34414385309241,0.034,4.24,9366.25
4.206153563642377,0.034459163408536,24.34440123419019,0.032,4.24,9369.14
4.206051653709535,0.0326604614331467,24.344374488682185,0.034,4.24,9372.015
4.206028351924658,0.035024390637889,24.35257828168176,0.034,4.24,9374.922
4.205952105930105,0.0314062150121893,24.337781122907668,0.034,4.24,9377.765
4.206039954551769,0.0335309703357614,24.352529217411902,0.034,4.24,9380.609
4.205899162945875,0.0336110713014332,24.35523376899598,0.034,4.24,9383.469
4.20602913659736,0.0328464530520905,24.35350872870353,0.034,4.24,9386.344
4.206226448544871,0.0360986981792772,24.3421127671885,0.034,4.24,9389.219
4.206114206393884,0.0365593887928564,24.338236645392865,0.034,4.24,9392.094
4.206240123262776,0.0330002882144759,24.34607519121304,0.034,4.24,9394.984
4.206207572971113,0.0331231215488122,24.348598552324344,0.032,4.24,9397.859
4.20619869504429,0.0330183615205634,24.35183255789306,0.032,4.24,9400.75
4.206179479736633,0.0370519942207618,24.35629461945812,0.034,4.24,9403.625
4.20605753545262,0.0329369214170086,24.35285865842204,0.034,4.24,9406.531
4.206105353708237,0.0348065359540587,24.345457649258183,0.034,4.24,9409.375
4.2061148976467,0.0343281174741502,24.342955577547876,0.032,4.24,9412.234
4.205988723198304,0.0344154903670943,24.35270862200154,0.034,4.24,9415.094
4.206142524048633,0.0335958708391364,24.34678716729368,0.032,4.24,9417.969
4.206082713430062,0.0319583743586432,24.348376365151456,0.032,4.24,9420.844
4.206070889423513,0.0307031750980623,24.344065913716072,0.032,4.24,9423.734
4.206212822739256,0.0347370202551867,24.34468129566761,0.032,4.24,9426.625
4.2061522227751,0.036482251531434,24.343775367559747,0.034,4.24,9429.5
4.206150954278611,0.0328806737512291,24.34331484435305,0.032,4.24,9432.39
4.206369982195893,0.0313014833748678,24.338334451217875,0.032,4.24,9435.265
4.206176095734395,0.0337936297209451,24.346982004161767,0.034,4.24,9438.172
4.206112265636339,0.0327891199838135,24.34380113805784,0.032,4.24,9441.015
4.206144990711475,0.0341067275460028,24.333298210554908,0.032,4.24,9443.875
4.206220797180172,0.0345885867171566,24.341128223296444,0.032,4.24,9446.734
4.206402696443447,0.0355296260060216,24.335720973088765,0.032,4.24,9449.609
4.206079677912997,0.0336675758297915,24.33918197282745,0.032,4.24,9452.5
4.206022347928855,0.0329637369389575,24.33791804866908,0.032,4.24,9455.375
4.20637348282455,0.0329739117449764,24.34082251721308,0.032,4.24,9458.25
4.2061163002266335,0.0323021127739744,24.34455313963973,0.032,4.24,9461.14
4.206084170411288,0.0354167434147467,24.338918889905734,0.032,4.24,9464.015
4.206105427432535,0.032090951320641,24.34221674559145,0.032,4.24,9466.906
4.205995815407001,0.0321211000434628,24.34405933529593,0.032,4.24,9469.797
4.206121844158444,0.03673491483493,24.34245064767744,0.032,4.24,9472.703
4.206200288942415,0.0319714373787061,24.341073559276172,0.032,4.24,9475.547
4.206236435680044,0.0330408151434799,24.34743527201068,0.032,4.24,9478.406
4.2064022743486245,0.033526635917524,24.33900746091999,0.032,4.24,9481.25
4.206454279939376,0.0362087699783848,24.33894418919254,0.032,4.24,9484.14
4.2063300250494,0.03436926473643,24.342656371243013,0.032,4.24,9487.015
4.206082408125179,0.0327179876492783,24.338265715429223,0.032,4.24,9489.906
4.206148844375212,0.0335107667004425,24.33404763623496,0.032,4.24,9492.781
4.206281224907481,0.0309785197399024,24.33736589583712,0.032,4.24,9495.672
4.206232687585286,0.0344612381953888,24.335611850455685,0.032,4.24,9498.594
4.206449565660048,0.03257699184442,24.32282360717277,0.032,4.24,9501.469
4.206522540504278,0.0316614990081141,24.322636224016417,0.032,4.24,9504.344
4.2064092178889485,0.0337478350913919,24.331580262938264,0.032,4.24,9507.234
4.206336896201168,0.032510789042257,24.326221361807026,0.032,4.24,9510.109
4.206378472649188,0.033817917298682,24.33311332984816,0.032,4.24,9512.984
4.206141425420166,0.0298965693025927,24.332183842108527,0.032,4.24,9515.875
4.20639799304296,0.0355973580704811,24.32846414272807,0.032,4.24,9518.75
4.206467010393975,0.0364086722631965,24.33785448753993,0.032,4.24,9521.64
4.206418912240744,0.0310894165359792,24.338588745102825,0.032,4.24,9524.515
4.206318081192987,0.0334650165858445,24.34046893108063,0.032,4.24,9527.39
4.206277318128903,0.0327198058244969,24.33993724833724,0.032,4.24,9530.281
4.206488026282698,0.0293619248792785,24.335169237459983,0.032,4.24,9533.156
4.206381506283598,0.0301181618740925,24.345611480585323,0.032,4.24,9536.062
4.20651787795966,0.0328084765794492,24.34440323029362,0.032,4.24,9538.906
4.206270959888874,0.0315260458769295,24.338370906448667,0.032,4.24,9541.765
4.206498858385192,0.0307518793961979,24.339646944376543,0.032,4.24,9544.609
4.2064134373971305,0.031903342173587,24.335259087868764,0.032,4.24,9547.5
4.206441544827284,0.0322101499462404,24.34072666820116,0.032,4.24,9550.375
4.206566768031657,0.0306152732133916,24.34006405629025,0.032,4.24,9553.265
4.206495955853228,0.0342663248141964,24.33720265338177,0.032,4.24,9556.156
4.20666631059468,0.033673320139417,24.338168243941865,0.032,4.24,9559.031
4.20645767366214,0.0333295048571047,24.33416777427184,0.032,4.24,9561.922
4.206596788355695,0.0338200853429994,24.33067096108832,0.032,4.24,9564.797
4.206643111175658,0.0318084560006131,24.3332071549639,0.032,4.24,9567.703
4.206474004574628,0.0306992446426517,24.336779085781995,0.032,4.24,9570.547
4.206217974517137,0.0325371435149274,24.33679907322776,0.032,4.24,9573.406
4.206507226070023,0.0353188041058645,24.333177628866597,0.032,4.24,9576.265
4.206579908578716,0.0341972159477233,24.33004257008539,0.032,4.24,9579.14
4.206424368303501,0.0351566023160428,24.32979038884641,0.032,4.24,9582.015
4.2065723151761,0.0363819371733101,24.335325550341597,0.032,4.24,9584.906
4.20652442198833,0.0362238736639476,24.33514872018318,0.032,4.24,9587.781
4.2065684975228175,0.0385545531018338,24.332178038371,0.032,4.24,9590.672
4.206529866087898,0.0315786460533688,24.342204744029143,0.032,4.24,9593.547
4.206499725138175,0.0310134317626218,24.346419552732392,0.032,4.24,9596.437
4.206631882897865,0.0326523335213713,24.33262235985533,0.032,4.24,9599.344
4.2065873571812125,0.0287339059601865,24.329866449674817,0.032,4.24,9602.187
4.2064651251442005,0.0328331365363756,24.341826638279688,0.032,4.24,9605.047
4.206577334637941,0.0321831165393018,24.338984161296334,0.032,4.24,9607.89
4.206578871149628,0.0336870183793712,24.33523455961478,0.032,4.24,9610.781
4.206654284958837,0.0323703697617823,24.334048482339707,0.032,4.24,9613.656
4.2067669427562215,0.0351829441831678,24.330919968929365,0.032,4.24,9616.531
4.206568791199128,0.0285230574035595,24.335250158281248,0.032,4.24,9619.422
4.206786145072762,0.0316863963156273,24.33491030104134,0.032,4.24,9622.297
4.206430870684604,0.0330083492508835,24.34249480349408,0.032,4.24,9625.187
4.206478934538604,0.0340725482761002,24.33865057970521,0.032,4.24,9628.078
4.206716165101097,0.0328575539464965,24.332596716546167,0.032,4.24,9630.953
4.206497002068818,0.033422619184682,24.332690355088705,0.032,4.24,9633.859
4.206443051354775,0.0329468643522456,24.3308408025632,0.032,4.24,9636.703
4.20636693873064,0.0340248836582545,24.33749499776729,0.032,4.24,9639.562
4.206579145572541,0.0343491951342678,24.333532692681988,0.032,4.24,9642.406
4.206504833365038,0.0374963010167341,24.33253192338199,0.032,4.24,9645.297
4.206744574451904,0.0303583704648145,24.32204557308722,0.032,4.24,9648.172
4.206688132450968,0.034036348469644,24.32171081419296,0.032,4.24,9651.062
4.206859667425683,0.0340971300603359,24.32632637794512,0.032,4.24,9653.937
4.206802958362602,0.0343510182079278,24.327159711147814,0.032,4.24,9656.828
4.206787867653868,0.0343823739421028,24.327149280166832,0.032,4.24,9659.734
4.2065000296435935,0.0336322756942721,24.32605788402978,0.032,4.24,9662.609
4.206480044322617,0.0347211071210457,24.31759310848026,0.032,4.24,9665.5
4.206844268845912,0.0316096946109969,24.327771301395167,0.032,4.24,9668.375
4.206826880332977,0.0312982503661804,24.326224276159937,0.032,4.24,9671.25
4.206677416533079,0.0323771043237057,24.33273214227388,0.032,4.24,9674.14
4.206676011612063,0.0320563477069985,24.336046419428744,0.032,4.24,9677.015
4.206666423571936,0.0329667794065843,24.322160746605206,0.032,4.24,9679.906
4.206642752140188,0.0342032290410784,24.328439444456446,0.032,4.24,9682.781
4.206584785974836,0.0338830192648405,24.33280521296505,0.032,4.24,9685.672
4.206553915434216,0.0310013650782591,24.32649237634784,0.031,4.24,9688.562
4.20672116901989,0.0351702552303504,24.322040452094598,0.032,4.24,9691.437
4.206927120338379,0.0329486996679421,24.32080003204898,0.031,4.24,9694.312
4.20676406637545,0.0329056774764482,24.33034893646834,0.031,4.24,9697.234
4.206641895108203,0.0343558327083198,24.324801000594608,0.031,4.24,9700.062
4.207049941940625,0.0335450531574204,24.333114835927805,0.031,4.24,9702.922
4.2068736116511225,0.0299068539833714,24.32309254398752,0.032,4.24,9705.781
4.206490180115,0.0310927980636164,24.33114190096083,0.032,4.24,9708.656
4.206733075943516,0.0314376544198226,24.330405193087817,0.032,4.24,9711.547
4.206614760970625,0.034760427403376,24.33222409593952,0.031,4.24,9714.422
4.2066751277586985,0.032322645204697,24.33454418472803,0.032,4.24,9717.312
4.206873366324024,0.0326164535400405,24.329410309916955,0.031,4.24,9720.187
4.206725065633356,0.0284986363873639,24.330336853805907,0.031,4.24,9723.078
4.206830528727114,0.0332374962824693,24.318631349522978,0.031,4.24,9725.953
4.206894698781774,0.0311007051085104,24.319750561055717,0.031,4.24,9728.859
4.20670607356091,0.0315230756605429,24.32067062299258,0.031,4.24,9731.703
4.206902056867119,0.0314588010420929,24.318899049887023,0.031,4.24,9734.562
4.206910769936239,0.0328880901164781,24.321183329489923,0.031,4.24,9737.406
4.20675670853393,0.0347472969467893,24.32218609793926,0.031,4.24,9740.297
4.20705819558656,0.0305940568980563,24.323914880003844,0.031,4.24,9743.172
4.2068213354080655,0.0334953986300353,24.316275466682782,0.031,4.24,9746.062
4.206495994248415,0.0359679220364346,24.32247125029972,0.031,4.24,9748.937
4.206835868218613,0.0321691119880815,24.319227170933832,0.031,4.24,9751.828
4.207344581057775,0.0285944239730656,24.320442949802324,0.031,4.24,9754.703
4.206848846120129,0.0320529768401476,24.32779986550498,0.031,4.24,9757.594
4.20696156917487,0.0312648593459848,24.31979899448952,0.031,4.24,9760.5
4.206809005084833,0.0312427414899724,24.32119290592825,0.031,4.24,9763.344
4.206918957635216,0.031732403937356,24.328967143096524,0.031,4.24,9766.187
4.206810147283062,0.0302754795864767,24.32284990181665,0.031,4.24,9769.047
4.207138388132609,0.0308666745607202,24.31997079403993,0.031,4.24,9771.922
4.207141515640157,0.0304171701360256,24.32362583725431,0.031,4.24,9774.812
4.20706940740006,0.0286741083028245,24.322545050072648,0.031,4.24,9777.703
4.206860652556753,0.0308719612420843,24.317394515776503,0.031,4.24,9780.578
4.206820905048024,0.0293704887101119,24.32490139022616,0.031,4.24,9783.453
4.206978044112455,0.0314461743820579,24.31568224169,0.031,4.24,9786.328
4.207134528845632,0.0311959647400087,24.32151312066396,0.031,4.24,9789.219
4.207065587266136,0.0324254820985735,24.319046638907636,0.031,4.24,9792.094
4.206992827358737,0.0351753123533169,24.32515963774065,0.031,4.24,9795.015
4.206803973154422,0.0338502406233313,24.31786455581691,0.031,4.24,9797.859
4.20720113396454,0.0273270410690675,24.320202366864088,0.031,4.24,9800.719
4.206860966048475,0.0296717457829588,24.32048683578004,0.031,4.24,9803.562
4.207016761660025,0.0322113992620337,24.327255826301958,0.031,4.24,9806.453
4.206774736600243,0.0301506430752513,24.327422079096443,0.031,4.24,9809.328
4.206604886640813,0.0326546005546456,24.323780007340872,0.031,4.24,9812.203
4.206985215623392,0.0339815232576711,24.326559613228557,0.031,4.24,9815.094
4.207125154323492,0.0329166417789159,24.32294568083405,0.031,4.24,9817.969
4.206898492239222,0.0345910724987346,24.324569930654885,0.031,4.24,9820.875
4.207164026126141,0.029451747858594,24.323382256596,0.031,4.24,9823.75
4.2070932977629285,0.0338596444680665,24.325286623565205,0.031,4.24,9826.64
4.20685448834061,0.0297977955977879,24.32905842970592,0.031,4.24,9829.515
4.207207761352782,0.0331710679096799,24.327166504588604,0.031,4.24,9832.39
4.207148045029214,0.0342052958214421,24.321599004691585,0.031,4.24,9835.281
4.207188880783762,0.0294416863083853,24.32446441069759,0.031,4.24,9838.156
4.2070344570686125,0.0306175108382958,24.32143504129403,0.031,4.24,9841.047
4.207168710189137,0.0316996868540643,24.31935550173433,0.031,4.24,9843.922
4.207082784802411,0.0336782829353716,24.32592115527265,0.031,4.24,9846.797
4.20722213670582,0.0288405501600292,24.327173852187663,0.031,4.24,9849.672
4.207124214410415,0.0349075367741676,24.330794801437246,0.031,4.24,9852.562
4.206853983507896,0.0324709302423679,24.33060975030039,0.031,4.24,9855.437
4.206984330102057,0.0325457668633088,24.324359787653904,0.031,4.24,9858.344
4.20721111832758,0.0293304289866624,24.327743169207015,0.031,4.24,9861.187
4.207119716463404,0.0320007744720324,24.328758208711985,0.031,4.24,9864.047
4.20711761222143,0.0334785607708692,24.324239966337284,0.031,4.24,9866.906
4.2070460587009855,0.0322249495184566,24.316879747623503,0.031,4.24,9869.781
4.2071664012027,0.0321786649485283,24.32396454308133,0.031,4.24,9872.656
4.207164420102042,0.0312529202646318,24.322276153596608,0.031,4.24,9875.531
4.207178821727258,0.0344069275673187,24.3228387010412,0.031,4.24,9878.422
4.207138119581682,0.0340833764938383,24.330887868986352,0.031,4.24,9881.297
4.207286528888975,0.0288209429893225,24.327561226295867,0.031,4.24,9884.187
4.207249864516125,0.0296689524307795,24.32997705311715,0.031,4.24,9887.062
4.20709337538371,0.0291291543901198,24.335393119927907,0.031,4.24,9889.969
4.207190259413271,0.0312625791209663,24.327065109067625,0.031,4.24,9892.812
4.207008012985504,0.0322852465607254,24.32141701054572,0.031,4.24,9895.672
4.207164258520026,0.0318089244917108,24.32756145054036,0.031,4.24,9898.531
4.207237332291792,0.0292072337381072,24.324352037816613,0.031,4.24,9901.406
4.207040342463644,0.0314906976293611,24.327899080720577,0.031,4.24,9904.281
4.206982750199516,0.0321226241056779,24.319331418006207,0.031,4.24,9907.156
4.207348617513758,0.0340270599257425,24.32766456602859,0.031,4.24,9910.031
4.207182998127159,0.0313646597245426,24.32255394840377,0.031,4.24,9912.922
4.207084823881348,0.0301575327835021,24.32982860772172,0.031,4.24,9915.812
4.207086625496252,0.0317041249273439,24.318647018762142,0.031,4.24,9918.687
4.207088012657071,0.0330700204211499,24.32598604445147,0.031,4.24,9921.594
4.207307717903463,0.0333042833994091,24.319352745568366,0.031,4.24,9924.437
4.207003962455301,0.0332240395495113,24.320083670305657,0.031,4.24,9927.234
4.207403168536431,0.0316607556435937,24.329729293758287,0.031,4.24,9930.031
4.207417476481559,0.0306548724839988,24.32558581458903,0.031,4.24,9932.828
4.207286675591055,0.0299935107526109,24.33014063730534,0.031,4.24,9935.625
4.207321734982849,0.030044524152257,24.324990201194808,0.031,4.24,9938.437
4.20741167750448,0.0301047010717811,24.326049742858533,0.031,4.24,9941.219
4.207328634436822,0.0310388316539785,24.319327522497066,0.031,4.24,9944.015
4.207356827244756,0.0332618902855511,24.32391808099497,0.031,4.24,9946.812
4.207325325234497,0.032050952637081,24.324903856165225,0.031,4.24,9949.609
4.207213911428791,0.0310533844862507,24.317972603226988,0.031,4.24,9952.39
4.207266353117207,0.0300771085536095,24.31882846156303,0.031,4.24,9955.187
4.207410520718747,0.0322259184729887,24.317485985320392,0.031,4.24,9957.984
4.207373835292914,0.0304781124578374,24.316010224347657,0.031,4.24,9960.781
4.207354286044914,0.028641726556723,24.313303923811205,0.031,4.24,9963.562
4.207265058860222,0.0316450076693935,24.320785549777572,0.031,4.24,9966.359
4.2071982325577535,0.0292886355079145,24.31981930889616,0.031,4.24,9969.172
4.207362257275411,0.0302388426266398,24.320357457746905,0.031,4.24,9971.953
4.20731932039637,0.0297033259736024,24.32699288865184,0.031,4.24,9974.75
4.2072762508494295,0.0313923724373909,24.32614476330948,0.031,4.24,9977.547
4.207389522544138,0.0301327323094609,24.323573203933623,0.031,4.24,9980.344
4.207156088088041,0.0304722733961507,24.32658050738009,0.031,4.24,9983.125
4.207459768415899,0.0303155945996856,24.32425998446319,0.031,4.24,9985.922
4.20746789056971,0.0304392825024082,24.32491698296622,0.031,4.24,9988.703
4.207504083657584,0.0311875372880676,24.31711901353208,0.03,4.24,9991.515
4.2072571694513865,0.0325290874112664,24.330088674921985,0.031,4.24,9994.297
4.207157324878851,0.0285664525343969,24.31970112990194,0.031,4.24,9997.109
4.207450257891875,0.0300719874762602,24.31760250899684,0.03,4.24,9999.906
4.207513639537443,0.0304265493205249,24.32074235457524,0.031,4.24,10002.687
4.20722147217178,0.0306240473889677,24.32455613502737,0.031,4.24,10005.484
4.207409768291002,0.0291032563229828,24.32010581650897,0.03,4.24,10008.297
4.207537225365466,0.0348638516789374,24.317930448639544,0.03,4.24,10011.078
4.207438697322949,0.0299717914448734,24.32868516378916,0.031,4.24,10013.875
4.207417056203886,0.0317926465777832,24.31780423519859,0.031,4.24,10016.703
4.207588341113969,0.0331985640483703,24.31931268260209,0.031,4.24,10019.484
4.206655131894489,0.0242215879597109,24.32437579343775,0.021,4.234,10022.312
4.205834965065699,0.0093305487457941,24.32729380614929,0.012,4.229,10025.14
4.202247452537782,-0.0034854922154745,24.32534014560203,-0.002,0.003,10027.969
4.20316306030585,-0.0045833321990085,24.329898040212804,0.0,0.003,10030.703
4.20379611395048,-0.00486938887183,24.32874285538088,0.0,0.003,10033.453
4.203721355494679,-0.0015953446820791,24.3281750950619,0.0,0.003,10036.187
4.203865071491545,0.0014232935706017,24.329186783667726,0.0,0.003,10038.922
4.203863634243182,0.0016902949810819,24.332303912302056,0.0,0.003,10041.656
4.203725446961556,-0.0018636742983969,24.334366484754067,0.0,0.003,10044.406
4.203707559729557,-0.002448106032251,24.32540787909149,0.0,0.003,10047.14
4.203747148147795,-0.0018573638023386,24.32801456726924,0.0,0.003,10049.89
4.203745693268118,-0.0004336099719282,24.326649235677905,0.0,0.003,10052.625
4.203638275114143,-0.0003742273080754,24.328085037278456,0.0,0.003,10055.359
4.203613441856194,-0.0027925790899133,24.33191356962031,0.0,0.003,10058.094
4.203869957498688,-0.0016950391532218,24.329630365239748,0.0,0.003,10060.828
4.203539015959389,-0.0011453211477038,24.32901656669097,0.0,0.003,10063.562
4.20364636866414,-0.0041165820759502,24.322949592040978,-0.002,0.003,10066.297
4.203925806854546,0.0007365230607047,24.32569871894252,0.0,0.003,10069.031
4.203586944952767,0.0007676805168668,24.326552117842265,0.0,0.003,10071.781
4.203487986055199,-0.0007063275973671,24.3284747321304,0.0,0.003,10074.515
4.203601645340134,-0.0024111468484935,24.32755307923105,0.0,0.003,10077.234
4.203645133434585,-0.0018328104713971,24.33275223078929,0.0,0.003,10079.969
4.203626215228443,3.7528474992002217e-05,24.33528001004765,0.0,0.003,10082.719
4.203457303580215,-0.0034423032844781,24.324863726458783,0.0,0.003,10085.453
4.203488543889597,-0.0050824802540476,24.337343533354723,0.0,0.003,10088.172
4.203656921158916,-0.0023591447673686,24.332350409451923,0.0,0.003,10090.906
4.203554145076563,-0.0001371798125359,24.332826952796307,0.0,0.003,10093.64
4.203468415041268,-0.0039296796516515,24.327762973882614,0.0,0.003,10096.375
4.203305685915684,-0.0022441220841565,24.323491513644917,0.0,0.003,10099.109
4.203387048434302,-0.00242068934267,24.326976178670492,0.0,0.003,10101.844
4.203462213156147,-6.109645107746427e-05,24.33085026233536,0.0,0.003,10104.578
4.203333460548285,-0.0024712046032709,24.328224195731213,0.0,0.003,10107.312
4.203423058123383,-0.0008376178884745,24.32830663731833,0.0,0.003,10110.047
4.203320753231453,-0.0038430024813731,24.32739236893737,0.0,0.003,10112.781
4.203436478127735,-0.0008904569531976,24.328168601204816,0.0,0.003,10115.5
4.203397042670242,-0.0023023237233538,24.322446235057,0.0,0.003,10118.234
4.203183727120967,-0.0005039361791944,24.322473187546347,0.0,0.003,10120.969
4.203253386862613,0.0001815897104765,24.329532106324123,0.0,0.003,10123.703
4.203315401729389,0.0004857946119808,24.323519450819955,0.0,0.003,10126.437
4.203372950581755,-0.0001369554906387,24.32486251967858,0.0,0.003,10129.172
4.2032358741654985,0.0012073729402711,24.32890945795137,0.0,0.003,10131.89
4.203060911766403,-0.0005116702903238,24.32629771180964,0.0,0.003,10134.625
4.203122856525968,-0.0039991071678916,24.32574810789593,0.0,0.003,10137.359
4.203166959316763,-0.0018752524480373,24.326547435154048,0.0,0.003,10140.094
4.202976758948685,-0.0004799281015961,24.32333413867983,0.0,0.003,10142.812
4.203083988063008,-0.0001495641399249,24.327060741914508,0.0,0.003,10145.547
4.2029833603692985,-0.0009168140318591,24.32858861649914,0.0,0.003,10148.297
4.203047912364273,0.0003190059102108,24.32867358426556,0.0,0.003,10151.015
4.203097959114761,-0.0032296855500749,24.3276747249174,0.0,0.003,10153.765
4.202943202537146,-0.0031005571641909,24.3262943077712,0.0,0.003,10156.531
4.202694199340939,-0.0003977059263885,24.32635265553068,0.0,0.003,10159.265
4.202883645683217,-0.0018719425491388,24.316474477639037,0.0,0.003,10162.0
4.202873654007676,0.0004586129951321,24.32519256748528,0.0,0.003,10164.719
4.203178439947389,-0.0028707778384079,24.329051846085022,0.0,0.003,10167.453
4.202917407457745,-0.0011823922152557,24.32507084400256,0.0,0.003,10170.203
4.202950216887165,-0.0018124797100611,24.335299858014192,0.0,0.003,10172.953
4.202941532670038,-0.0023634629803414,24.339397640725277,0.0,0.003,10175.703
4.203078218642843,-0.0016651463660129,24.329044027564223,0.0,0.003,10178.437
4.202772082978278,0.0005942859996698,24.33516993118592,0.0,0.003,10181.172
4.203071312512459,-0.001182945860498,24.334719780670337,0.0,0.003,10183.906
4.2028628257971326,-0.0011182879887665,24.325011971841203,0.0,0.003,10186.625
4.20301263608377,-0.0011951485579134,24.33086450968748,0.0,0.003,10189.375
4.203009360733764,-0.000808637336126,24.33242367634182,0.0,0.003,10192.094
4.202638026336,-0.000929991768172,24.32739341661124,0.0,0.003,10194.828
4.202675693651276,-0.0035758151972643,24.32812493080827,0.0,0.003,10197.562
4.202676674821184,-0.0002230323549104,24.331266883407825,0.0,0.003,10200.297
4.202882100788997,-0.0008510569151507,24.324557358800515,0.0,0.003,10203.047
4.202853078827456,-0.0010287938883358,24.318499125285083,0.0,0.003,10205.781
4.202607786298076,-0.0004817918494994,24.323486797574176,0.0,0.003,10208.515
4.202616558109794,-0.0032763452729366,24.31872803332941,0.0,0.003,10211.25
4.202902979160712,-0.0079574926448562,24.31692180082625,0.0,0.003,10213.984
4.202808628420338,-0.0011107213112614,24.327999762508615,0.0,0.003,10216.719
4.202416872178562,0.0001215363261985,24.32073273715513,0.0,0.003,10219.453
4.202752327346238,-0.0011312628065504,24.321415918446466,-0.002,0.003,10222.187
4.202465477687488,-0.0007482231753182,24.323857286099877,-0.002,0.003,10224.922
4.202753365761667,-0.0033817087766441,24.315139345112048,0.0,0.003,10227.656
4.202633927964601,-0.0047094366365665,24.321660259883547,0.0,0.003,10230.406
4.202560024939393,0.0011971435739987,24.32263770603332,0.0,0.003,10233.14
4.202435550314544,-0.0031272254282815,24.32261192429319,0.0,0.003,10235.875
4.202350615562808,-0.0014135385942437,24.326907844990508,-0.002,0.003,10238.609
4.202851079622652,-0.0024269733871117,24.32007691062176,0.0,0.003,10241.328
4.202573174969968,-0.0006445944515676,24.32628498716109,0.0,0.003,10244.062
4.202764446965814,-0.0036726354701508,24.322215131818385,0.0,0.003,10246.812
4.2024568015592845,0.0005948625078794,24.31842166087975,0.0,0.003,10249.547
4.202372964503359,-0.00254096418191,24.323398987828615,0.0,0.003,10252.265
4.202500646279119,-4.6532096142404463e-05,24.323777529287327,0.0,0.003,10255.0
4.202386817894352,0.0006503313661342,24.32805842996529,0.0,0.003,10257.719
4.202426889170647,-0.0021244666241782,24.31423059221961,0.0,0.003,10260.469
4.202693054708242,-0.001149001734921,24.317790150245127,0.0,0.003,10263.203
4.202347136186238,-0.0036169287028403,24.323286282247103,0.0,0.003,10265.937
4.202499295682629,-0.0016188261066722,24.326255686255912,0.0,0.003,10268.672
4.202408649048642,0.0004060324369194,24.326348721624917,0.0,0.003,10271.406
4.202665474050717,-0.0024568904322605,24.325380141337305,0.0,0.003,10274.156
4.202396319907275,0.0016130294786987,24.326737573526916,0.0,0.003,10276.89
4.20231705043933,-0.0037910313960445,24.31980313626684,0.0,0.003,10279.609
4.202030263724798,0.0025014154057417,24.320313143216143,0.0,0.003,10282.344
4.202259307694663,0.0004026863473919,24.31977446527735,0.0,0.003,10285.078
4.202412506969516,-0.0027648552368189,24.326502771622685,0.0,0.003,10287.812
4.202518805076382,-0.0025542403496133,24.32623794934502,0.0,0.003,10290.547
4.202446171894683,-0.0014656009107069,24.31879727734058,-0.002,0.003,10293.281
4.202304044507625,-0.0030405452387426,24.316293729996776,0.0,0.003,10296.015
4.202247950309626,-0.0011468893118866,24.3289224005246,0.0,0.003,10298.75
4.2024796751033335,1.0172597253878676e-05,24.3190302052364,0.0,0.003,10301.5
4.202250698691721,-0.0011084658976426,24.323264755465537,0.0,0.003,10304.234
4.202188446365797,-0.0024012691472899,24.325056428437485,0.0,0.003,10306.969
4.202124278850432,0.0035751949098636,24.32346566914677,0.0,0.003,10309.703
4.202154799986456,-0.0033603851118269,24.32188560461881,0.0,0.003,10312.437
4.202136761023577,1.2442102642857943e-05,24.31649246250838,0.0,0.003,10315.172
4.202222799111642,-0.0038391991460801,24.32154606582498,0.0,0.003,10317.937
4.202098950112265,-0.0037192537303261,24.32529606019861,0.0,0.003,10320.672
4.202221892368509,-0.0020559523589698,24.312295866313047,0.0,0.003,10323.406
4.20209645061524,-0.0007732019434599,24.32152846556239,0.0,0.003,10326.14
4.201877045542382,-0.0011218146968767,24.318405267764703,0.0,0.003,10328.875
4.202236932381504,-0.0041863905465344,24.32251743432277,0.0,0.003,10331.625
4.2022408928109405,-0.002855689161057,24.323142130837383,0.0,0.003,10334.344
4.202393858014108,0.0006049138790318,24.32323668335504,0.0,0.003,10337.078
4.2020799735177565,0.0006716205764975,24.31415784888968,0.0,0.003,10339.797
4.202104915595517,-0.0030038918805808,24.322294755208485,0.0,0.003,10342.531
4.202241818232359,-0.0037159926072526,24.31172352246928,0.0,0.003,10345.265
4.201936469605761,-0.0010536257789232,24.315650325376183,0.0,0.003,10348.0
4.20200361409757,-0.0007500687267792,24.316555084559383,0.0,0.003,10350.719
4.202191530066681,0.0001038416689719,24.32348682947804,0.0,0.003,10353.453
4.202135152727532,0.0022655335092079,24.32857102811226,0.0,0.003,10356.187
4.202057787929715,-0.0010575628208437,24.31787294486516,0.0,0.003,10358.922
4.201946110535808,-0.0003874355933521,24.32018582042081,0.0,0.003,10361.656
4.2020553388594895,-0.0003851993340716,24.323206532433957,0.0,0.003,10364.39
4.201999035783184,-0.003224407331874,24.313094258548773,0.0,0.003,10367.109
4.201971418497614,-0.0005361194725857,24.31614526162684,0.0,0.003,10369.844
4.202282369179327,-0.0006630900113222,24.318255548072298,-0.002,0.003,10372.594
4.20198423207059,0.0005969951710977,24.32459942491582,0.0,0.003,10375.328
4.202171072560001,-0.0020790197974154,24.316824211322874,0.0,0.003,10378.062
4.202043287166392,-0.0015761613793669,24.32106178709668,0.0,0.003,10380.797
4.201993554830411,-1.7540414749508627e-05,24.329205694734576,0.0,0.003,10383.515
4.201941311530086,0.0009010221386371,24.32406047076479,0.0,0.003,10386.25
4.201900399608545,-0.0042883335679091,24.32168867978659,0.0,0.003,10389.0
4.20199935712448,-0.0035955397737511,24.320557532669905,0.0,0.003,10391.734
4.202067497561078,-0.0012227494585039,24.3244644820982,0.0,0.003,10394.469
4.201867165949015,-0.002355138600258,24.32005233846973,0.0,0.003,10397.203
4.201722702555595,-0.0013192573420818,24.316960481861127,0.0,0.003,10399.922
4.201799352855308,-0.0008708227789257,24.321037807650757,0.0,0.003,10402.656
4.201836664462021,-0.0023282329387518,24.313020135196723,0.0,0.003,10405.406
4.202046393054603,0.0001508002200488,24.32212249952117,0.0,0.003,10408.14
4.201899158746322,-0.0020807545274333,24.31722656479854,0.0,0.003,10410.875
4.201980077395223,-0.0029851177461769,24.317739554659266,0.0,0.003,10413.609
4.201892775591009,-0.000441948512196,24.3209079070803,0.0,0.003,10416.344
4.201559937460991,-0.0007806487248834,24.316908216085125,0.0,0.003,10419.078
4.201600403343158,-0.0041302288935379,24.31755973448841,0.0,0.003,10421.812
4.201866656122635,0.0008604814356695,24.319517962464985,0.0,0.003,10424.547
4.201747836069705,0.0013554555557603,24.320770287859798,0.0,0.003,10427.281
4.202018643991002,-0.0017675108459932,24.314970261096704,0.0,0.003,10430.047
4.20180710556328,0.0015643533026838,24.32534694622133,0.0,0.003,10432.781
4.201759746683759,-0.0019989350876339,24.318077721843984,0.0,0.003,10435.515
4.201916204980551,-0.000610238007447,24.31994483551698,0.0,0.003,10438.265
4.201901679087758,-0.0021965903814647,24.32452289601576,-0.002,0.003,10441.0
4.2018008856448,-0.002155352583545,24.318666357913585,0.0,0.003,10443.734
4.2018791777237325,-0.0017977866266087,24.32080450526923,0.0,0.003,10446.5
4.201816346896567,-0.0030101848923645,24.32245481757668,0.0,0.003,10449.234
4.201553374752173,-0.0012600436685263,24.323150858373754,0.0,0.003,10451.969
4.201620086696208,-0.0004114684724164,24.32247391675212,0.0,0.003,10454.703
4.2018341546922775,-0.000363334435116,24.322692996549915,0.0,0.003,10457.437
4.201832147751021,-0.0015085752334406,24.330367959335813,0.0,0.003,10460.187
4.201801991359827,0.0010874894209153,24.327603548792727,0.0,0.003,10462.922
4.201385345620449,-0.0004380695401914,24.326079206019084,0.0,0.003,10465.656
4.20150179607359,-0.0044803718368286,24.328828304213538,0.0,0.003,10468.39
4.201718091912571,0.000169052412068,24.33103547092922,0.0,0.003,10471.125
4.201685986815382,-0.002401259966865,24.32786376538318,0.0,0.003,10473.859
4.201620725740153,0.0002262143068043,24.31986026820984,0.0,0.003,10476.609
4.201690473197972,0.0018847271474527,24.32375939773648,0.0,0.003,10479.328
4.201719759402256,0.000732205382404,24.317924412686715,0.0,0.003,10482.078
4.201662074398045,-0.0009906847512244,24.313014353363847,0.0,0.003,10484.812
4.201485849035675,-0.0009176721949134,24.326750360789617,0.0,0.003,10487.547
4.20173133921998,-0.0003939212853939,24.32065437853277,0.0,0.003,10490.281
4.201554812885324,-0.0021473712475753,24.321404939594935,0.0,0.003,10493.031
4.201665057103538,-0.0026999399148083,24.320858349006556,0.0,0.003,10495.765
4.201603853512324,-0.0021272315372991,24.326210103451917,0.0,0.003,10498.5
4.201438250296807,-0.0034757309447333,24.329366013111493,0.0,0.003,10501.234
4.201458040516458,-0.0035058162410075,24.318075422345,0.0,0.003,10503.969
4.201572731352407,-0.0016149930608037,24.31849896689224,0.0,0.003,10506.719
4.201331748163744,0.0017834275871921,24.31561214250073,0.0,0.003,10509.453
4.201623072257219,-0.0012314470777635,24.328190377389767,0.0,0.003,10512.187
4.201510877750388,-0.0026880759056628,24.32100766083192,0.0,0.003,10514.922
4.201750635274344,-0.0024790045792497,24.320188926788344,0.0,0.003,10517.656
4.201676525323563,-0.003647677786545,24.321944293413654,0.0,0.003,10520.406
4.201502455246177,-0.003894800962424,24.321274563449407,0.0,0.003,10523.14
4.201383433631101,-0.0002986807939394,24.3160098951866,0.0,0.003,10525.875
4.20144933243269,-0.0021503081376516,24.317334610389,0.0,0.003,10528.609
4.201403326356305,-0.0009465401209187,24.318354103768943,0.0,0.003,10531.344
4.201606577770457,-0.0013782214629167,24.313231230174527,0.0,0.003,10534.078
4.201492695146172,-0.0007441891333696,24.3197661472278,0.0,0.003,10536.828
4.20133583570325,-0.0028978016254179,24.31972370583292,0.0,0.003,10539.562
4.201268647713769,-2.7314583003496045e-05,24.318568429651627,0.0,0.003,10542.297
4.2013731256210525,-0.0015524883828402,24.31343746857604,0.0,0.003,10545.031
4.201592852452397,-0.0030411697728852,24.31737790168829,0.0,0.003,10547.765
4.201482400699968,-0.0011434387449808,24.315723822851435,0.0,0.003,10550.5
4.201512409996457,-0.0015551235779688,24.314508505958848,0.0,0.003,10553.25
4.201597719968028,-0.0008239824653604,24.31951122974559,0.0,0.003,10555.984
4.201396519244844,0.0028356285824601,24.31165418561084,0.0,0.003,10558.719
4.201437943469314,-0.0009497955805667,24.315542345012982,0.0,0.003,10561.453
4.201442211856167,0.0013173534215722,24.317896423974243,0.0,0.003,10564.187
4.201499691919225,-0.0010056807547378,24.32422699254648,-0.002,0.003,10566.922
4.20152071044137,-0.0030529251547431,24.320039756977195,0.0,0.003,10569.672
4.201252595705843,-0.0015678326621177,24.316058195093163,0.0,0.003,10572.406
4.201358750460433,-0.0020164139811201,24.319054636455636,0.0,0.003,10575.172
4.201297397907157,0.0020062355546148,24.31436597937688,0.0,0.003,10577.906
4.201375872707278,-0.0012265808286974,24.317336966036013,0.0,0.003,10580.64
4.201450437010595,-0.0051328324221432,24.31479925712619,0.0,0.003,10583.375
4.201167777385306,-0.0009738445170372,24.316483955455315,0.0,0.003,10586.109
4.201512352740307,-0.0035174321799942,24.316182660010345,0.0,0.003,10588.844
4.201334123055987,0.0002796034023051,24.32174172304704,0.0,0.003,10591.609
4.201121080187932,0.0008232071259928,24.32400572777056,0.0,0.003,10594.344
4.201246524113755,-0.000674451119644,24.319909685567264,0.0,0.003,10597.078
4.201657227398316,-0.0006109902233209,24.31731118249416,0.0,0.003,10599.812
4.20116800077564,-0.0025597921034065,24.320150116766147,0.0,0.003,10602.547
4.201230192018275,0.0013171741110624,24.31771959683983,0.0,0.003,10605.281
4.201155071369067,-0.0047848434118222,24.31538841189214,0.0,0.003,10608.015
4.201255511103759,-0.000464757563307,24.311824620383295,0.0,0.003,10610.75
4.201260243057224,-0.0048835183798727,24.31713016766692,0.0,0.003,10613.5
4.201271663436447,-0.003253038415648,24.31638462482897,0.0,0.003,10616.234
4.201167740351366,-0.0051954615853719,24.315641830227356,0.0,0.003,10618.969
4.201286006301953,-0.0041309798445409,24.311776634288982,0.0,0.003,10621.703
4.201192894614529,-0.0036189581178876,24.319550903765133,0.0,0.003,10624.422
4.201150347627753,-0.0031194201854289,24.314252212555907,0.0,0.003,10627.156
4.201209432407004,-0.0025572692870878,24.31391170738901,0.0,0.003,10629.906
4.201298148897072,-0.0016681576304502,24.317056824557493,0.0,0.003,10632.64
4.201021988048287,-0.0003661738480879,24.31040414715142,0.0,0.003,10635.359
4.201277040067233,-0.0049785741714737,24.32095397899669,0.0,0.003,10638.094
4.201079418504282,-0.0001361453167376,24.32246460270826,0.0,0.003,10640.828
4.201410848807261,-0.0020844253501032,24.316672342843475,0.0,0.003,10643.562
4.2012187668011,-2.950695101755183e-06,24.315282108331814,0.0,0.003,10646.297
4.200977399084462,-0.0023734222641542,24.31474387882286,0.0,0.003,10649.031
4.2009251448224285,-0.0043966540853321,24.31813808862627,-0.002,0.003,10651.765
4.201170265220703,-0.0021336237744383,24.320012773883345,0.0,0.003,10654.5
4.201369058866816,-0.0004112791996524,24.3200771690803,0.0,0.003,10657.234
4.201230574581509,-0.0046498430138177,24.32140404929126,0.0,0.003,10659.969
4.201116329172889,-0.0009274182255247,24.3208253113986,0.0,0.003,10662.703
4.201242067924599,-0.0009446756135523,24.31816669157667,0.0,0.003,10665.437
4.20113661088327,-0.0009757029453594,24.31635078155494,0.0,0.003,10668.187
4.201118207885144,0.0031190306586453,24.3167702764912,0.0,0.003,10670.922
4.200946825256748,-0.0074054558910339,24.315570352073376,-0.002,0.003,10673.64
4.201411601367858,-0.0001790210639056,24.311254862243388,0.0,0.003,10676.375
4.201061662351765,-0.0008555137605948,24.30938135781011,0.0,0.003,10679.109
4.201216756494,-0.0007964296594684,24.31307551352729,0.0,0.003,10681.844
4.200961969626925,-0.0034219414602618,24.31310300600891,0.0,0.003,10684.594
4.2011362103321614,0.0011642390433376,24.31143607859734,0.0,0.003,10687.328
4.201063231793956,-0.0038109710705248,24.30764954599427,0.0,0.003,10690.047
4.200943641750801,0.0013243767436004,24.310775776784546,0.0,0.003,10692.781
4.20119391083212,0.0010716119996368,24.30320530879358,0.0,0.003,10695.531
4.201285160254814,-0.000904750905944,24.305984469332856,0.0,0.003,10698.265
4.200838397768885,-0.0011707795951482,24.30906239177075,0.0,0.003,10701.0
4.201111192849899,-0.0023532555347089,24.30701149663159,0.0,0.003,10703.765
4.200991434253238,-0.0025965090590541,24.313403206353577,0.0,0.003,10706.484
4.20098492323736,-0.0016501657837609,24.309609171909678,0.0,0.003,10709.219
4.2009046664270135,0.0008728017007961,24.30580958946983,0.0,0.003,10711.953
4.20074906662132,0.0033459359271649,24.31317963184204,0.0,0.003,10714.687
4.200835102614059,-0.001517367406721,24.312283564528585,0.0,0.003,10717.437
4.201017491003124,4.322753082571653e-05,24.30653111940992,0.0,0.003,10720.187
4.201006314135536,-0.0016902416849679,24.31446485779072,0.0,0.003,10722.937
4.20100040506711,-0.0007796418785941,24.317742732604657,0.0,0.003,10725.672
4.200762345772637,-0.0025495015951067,24.303897678388218,0.0,0.003,10728.406
4.200865203613207,-0.0019343675830833,24.304115926310963,0.0,0.003,10731.14
4.201068359568597,-0.0017939823403026,24.31055019620931,0.0,0.003,10733.875
4.20104792339602,-0.0005916550273815,24.304855064198183,0.0,0.003,10736.609
4.200844265871511,-0.0017954105301378,24.29848093502376,0.0,0.003,10739.359
4.200934184906211,-3.881328434680269e-05,24.303600164722454,0.0,0.003,10742.094
4.201016585927704,-0.003926120981859,24.3076877603316,0.0,0.003,10744.828
